                   ccmppi, 4096, 20, 4.1514, 233, 0.00198, 0.00000, 0.27091, 2796, False, 0.50, 1.00
                   ccmppi, 4096, 20, 4.1962, 199, 0.00209, 0.00000, 0.32004, 2797, False, 0.50, 1.50
                   ccmppi, 4096, 20, 4.2190, 174, 0.00216, 0.00000, 0.28529, 2798, False, 0.50, 2.00
                   ccmppi, 4096, 20, 4.1981, 168, 0.00216, 0.00000, 0.32648, 2799, False, 0.50, 2.50
                   ccmppi, 4096, 20, 4.2514, 165, 0.00221, 0.00000, 0.40207, 2800, False, 0.50, 3.00
                   ccmppi, 4096, 20, 4.3238, 145, 0.00218, 0.00000, 0.42911, 2801, False, 0.50, 3.50
                   ccmppi, 4096, 20, 4.1848, 143, 0.00225, 0.00000, 0.41610, 2802, False, 0.50, 4.00
                   ccmppi, 4096, 20, 4.2762, 155, 0.00238, 0.00000, 0.61951, 2803, False, 0.50, 4.50
                   ccmppi, 4096, 20, 4.2533, 147, 0.00227, 0.00000, 0.27314, 2804, False, 0.50, 5.00
                   ccmppi, 4096, 20, 4.3676, 138, 0.00225, 0.00000, 0.59725, 2805, False, 0.50, 5.50
                   ccmppi, 4096, 20, 4.3010, 146, 0.00225, 0.00000, 0.51082, 2806, False, 0.50, 6.00
                   ccmppi, 4096, 20, 4.1000, 225, 0.00199, 0.00000, 0.42350, 2807, False, 0.55, 1.00
                   ccmppi, 4096, 20, 4.0076, 185, 0.00209, 0.00000, 0.29974, 2808, False, 0.55, 1.50
                   ccmppi, 4096, 20, 4.1886, 185, 0.00210, 0.00000, 0.25121, 2809, False, 0.55, 2.00
                   ccmppi, 4096, 20, 4.2600, 176, 0.00222, 0.00000, 0.32805, 2810, False, 0.55, 2.50
                   ccmppi, 4096, 20, 4.1276, 121, 0.00223, 0.00000, 0.32849, 2811, False, 0.55, 3.00
                   ccmppi, 4096, 20, 4.2724, 172, 0.00221, 0.00000, 0.34440, 2812, False, 0.55, 3.00
                   ccmppi, 4096, 20, 4.1819, 142, 0.00221, 0.00000, 0.24023, 2813, False, 0.55, 3.50
                   ccmppi, 4096, 20, 4.1781, 137, 0.00224, 0.00000, 0.18089, 2814, False, 0.55, 4.00
                   ccmppi, 4096, 20, 4.2848, 130, 0.00217, 0.00000, 0.35787, 2815, False, 0.55, 4.50
                   ccmppi, 4096, 20, 4.2514, 137, 0.00228, 0.00000, 0.50831, 2816, False, 0.55, 5.00
                   ccmppi, 4096, 20, 4.2286, 145, 0.00233, 0.00000, 0.55722, 2817, False, 0.55, 5.50
                   ccmppi, 4096, 20, 4.2648, 139, 0.00236, 0.00000, 0.23331, 2818, False, 0.55, 6.00
                   ccmppi, 4096, 20, 4.0990, 239, 0.00205, 0.00000, 0.17712, 2819, False, 0.60, 1.00
                   ccmppi, 4096, 20, 4.1295, 195, 0.00211, 0.00000, 0.20643, 2820, False, 0.60, 1.50
                   ccmppi, 4096, 20, 4.1048, 186, 0.00213, 0.00000, 0.41376, 2821, False, 0.60, 2.00
                   ccmppi, 4096, 20, 4.1905, 180, 0.00217, 0.00000, 0.29372, 2822, False, 0.60, 2.50
                   ccmppi, 4096, 20, 4.1543, 169, 0.00220, 0.00000, 0.39982, 2823, False, 0.60, 3.00
                   ccmppi, 4096, 20, 4.3724, 158, 0.00219, 0.00000, 0.52556, 2824, False, 0.60, 3.50
                   ccmppi, 4096, 20, 4.1724, 155, 0.00223, 0.00000, 0.40414, 2825, False, 0.60, 4.00
                   ccmppi, 4096, 20, 4.2124, 136, 0.00226, 0.00000, 0.19736, 2826, False, 0.60, 4.50
                   ccmppi, 4096, 20, 4.3333, 153, 0.00225, 0.00000, 0.36844, 2827, False, 0.60, 5.00
                   ccmppi, 4096, -1, -1.0000, -1, -1.00000, -1.00000, -1.00000, 2828, True, 0.60, 5.50
                   ccmppi, 4096, 20, 4.6333, 146, 0.00236, 0.00000, 1.18921, 2829, False, 0.60, 6.00
                   ccmppi, 4096, 20, 4.1019, 205, 0.00202, 0.00000, 0.22296, 2830, False, 0.65, 1.00
                   ccmppi, 4096, 20, 4.2162, 186, 0.00209, 0.00000, 0.34600, 2831, False, 0.65, 1.50
                   ccmppi, 4096, 20, 4.1324, 156, 0.00212, 0.00000, 0.25720, 2832, False, 0.65, 2.00
                   ccmppi, 4096, 20, 4.1695, 164, 0.00215, 0.00000, 0.31470, 2833, False, 0.65, 2.50
                   ccmppi, 4096, 20, 4.2410, 145, 0.00215, 0.00000, 0.31195, 2834, False, 0.65, 3.00
                   ccmppi, 4096, 20, 4.1771, 128, 0.00219, 0.00000, 0.21552, 2835, False, 0.65, 3.50
                   ccmppi, 4096, 20, 4.1286, 157, 0.00234, 0.00000, 0.23082, 2836, False, 0.65, 4.00
                   ccmppi, 4096, 20, 4.2905, 149, 0.00226, 0.00000, 0.31451, 2837, False, 0.65, 4.50
                   ccmppi, 4096, 20, 4.2048, 141, 0.00229, 0.00000, 0.21619, 2838, False, 0.65, 5.00
                   ccmppi, 4096, 20, 4.0914, 126, 0.00225, 0.00000, 0.23222, 2839, False, 0.65, 5.50
                   ccmppi, 4096, 20, 4.2486, 138, 0.00232, 0.00000, 0.25497, 2840, False, 0.65, 6.00
                   ccmppi, 4096, 20, 4.0743, 233, 0.00202, 0.00000, 0.25434, 2841, False, 0.70, 1.00
                   ccmppi, 4096, 20, 4.4714, 293, 0.00247, 0.00000, 0.74085, 2842, False, 0.70, 1.50
                   ccmppi, 4096, 20, 4.0495, 171, 0.00218, 0.00000, 0.46805, 2843, False, 0.70, 2.00
                   ccmppi, 4096, 20, 4.2038, 188, 0.00219, 0.00000, 0.47206, 2844, False, 0.70, 2.50
                   ccmppi, 4096, 20, 4.1533, 161, 0.00218, 0.00000, 0.29596, 2845, False, 0.70, 3.00
                   ccmppi, 4096, 20, 4.2295, 176, 0.00225, 0.00000, 0.26451, 2846, False, 0.70, 3.50
                   ccmppi, 4096, 20, 4.2210, 144, 0.00225, 0.00000, 0.28429, 2847, False, 0.70, 4.00
                   ccmppi, 4096, 20, 4.1781, 142, 0.00225, 0.00000, 0.38102, 2848, False, 0.70, 4.50
                   ccmppi, 4096, 20, 4.4486, 143, 0.00222, 0.00000, 0.54113, 2849, False, 0.70, 5.00
                   ccmppi, 4096, 20, 4.2495, 123, 0.00223, 0.00000, 0.35860, 2850, False, 0.70, 5.50
                   ccmppi, 4096, 20, 4.1480, 57, 0.00262, 0.00000, 1.20675, 2851, True, 0.70, 6.00
                   ccmppi, 4096, 20, 4.0771, 269, 0.00207, 0.00000, 0.17230, 2852, False, 0.75, 1.00
                   ccmppi, 4096, 20, 4.0810, 217, 0.00213, 0.00000, 0.24178, 2853, False, 0.75, 1.50
                   ccmppi, 4096, 20, 5.0300, 61, 0.00270, 0.00000, 0.39000, 2854, True, 0.75, 2.00
                   ccmppi, 4096, 20, 4.1352, 151, 0.00223, 0.00000, 0.25139, 2855, False, 0.75, 2.50
                   ccmppi, 4096, 20, 4.2486, 180, 0.00229, 0.00000, 0.26285, 2856, False, 0.75, 3.00
                   ccmppi, 4096, 20, 4.3095, 162, 0.00218, 0.00000, 0.34001, 2857, False, 0.75, 3.50
                   ccmppi, 4096, 20, 4.4886, 167, 0.00229, 0.00000, 0.87201, 2858, False, 0.75, 4.00
                   ccmppi, 4096, 20, 4.2390, 137, 0.00227, 0.00000, 0.24646, 2859, False, 0.75, 4.50
                   ccmppi, 4096, 20, 4.1943, 135, 0.00231, 0.00000, 0.18895, 2860, False, 0.75, 5.00
                   ccmppi, 4096, 20, 4.2810, 123, 0.00228, 0.00000, 0.30164, 2861, False, 0.75, 5.50
                   ccmppi, 4096, 20, 4.4457, 147, 0.00227, 0.00000, 0.42553, 2862, False, 0.75, 6.00
                   ccmppi, 4096, 20, 4.0657, 208, 0.00199, 0.00000, 0.17996, 2863, False, 0.80, 1.00
                   ccmppi, 4096, 20, 4.1543, 215, 0.00218, 0.00000, 0.28560, 2864, False, 0.80, 1.50
                   ccmppi, 4096, 20, 4.1990, 181, 0.00212, 0.00000, 0.30479, 2865, False, 0.80, 2.00
                   ccmppi, 4096, 20, 4.2552, 186, 0.00219, 0.00000, 0.33761, 2866, False, 0.80, 2.50
                   ccmppi, 4096, 20, 4.2962, 157, 0.00215, 0.00000, 0.36726, 2867, False, 0.80, 3.00
                   ccmppi, 4096, 20, 4.1095, 137, 0.00220, 0.00000, 0.36398, 2868, False, 0.80, 3.50
                   ccmppi, 4096, 20, 4.1362, 161, 0.00223, 0.00000, 0.24601, 2869, False, 0.80, 4.00
                   ccmppi, 4096, 20, 4.2962, 139, 0.00226, 0.00000, 0.21643, 2870, False, 0.80, 4.50
                   ccmppi, 4096, 20, 4.1648, 142, 0.00225, 0.00000, 0.25313, 2871, False, 0.80, 5.00
                   ccmppi, 4096, 20, 4.0762, 132, 0.00229, 0.00000, 0.49271, 2872, False, 0.80, 5.50
                   ccmppi, 4096, 20, 4.1752, 136, 0.00232, 0.00000, 0.20451, 2873, False, 0.80, 6.00
                   ccmppi, 4096, 20, 4.0276, 223, 0.00208, 0.00000, 0.16417, 2874, False, 0.85, 1.00
                   ccmppi, 4096, 20, 4.1819, 197, 0.00211, 0.00000, 0.35739, 2875, False, 0.85, 1.50
                   ccmppi, 4096, 20, 4.1067, 158, 0.00215, 0.00000, 0.27082, 2876, False, 0.85, 2.00
                   ccmppi, 4096, 20, 7.5900, 77, 0.00289, 0.00000, 2.83000, 2877, True, 0.85, 2.50
                   ccmppi, 4096, 20, 4.2095, 169, 0.00219, 0.00000, 0.37547, 2878, False, 0.85, 3.00
                   ccmppi, 4096, 20, 4.1838, 159, 0.00223, 0.00000, 0.23483, 2879, False, 0.85, 3.50
                   ccmppi, 4096, 20, 4.2952, 149, 0.00227, 0.00000, 0.35164, 2880, False, 0.85, 4.00
                   ccmppi, 4096, 20, 4.0838, 127, 0.00232, 0.00000, 0.43568, 2881, False, 0.85, 4.50
                   ccmppi, 4096, 20, 4.1819, 138, 0.00238, 0.00000, 0.39718, 2882, False, 0.85, 5.00
                   ccmppi, 4096, 20, 3.9967, 74, 0.00285, 0.00000, 1.06680, 2883, True, 0.85, 5.50
                   ccmppi, 4096, 20, 4.3590, 132, 0.00229, 0.00000, 0.36808, 2884, False, 0.85, 6.00
                   ccmppi, 4096, 20, 4.1619, 208, 0.00203, 0.00000, 0.28612, 2885, False, 0.90, 1.00
                   ccmppi, 4096, 20, 4.1095, 200, 0.00216, 0.00000, 0.19160, 2886, False, 0.90, 1.50
                   ccmppi, 4096, 20, 4.1619, 197, 0.00218, 0.00000, 0.25937, 2887, False, 0.90, 2.00
                   ccmppi, 4096, 20, 4.0848, 147, 0.00218, 0.00000, 0.25358, 2888, False, 0.90, 2.50
                   ccmppi, 4096, 20, 4.1819, 149, 0.00224, 0.00000, 0.26938, 2889, False, 0.90, 3.00
                   ccmppi, 4096, 20, 4.1733, 132, 0.00224, 0.00000, 0.36060, 2890, False, 0.90, 3.50
                   ccmppi, 4096, 20, 4.0876, 109, 0.00220, 0.00000, 0.35620, 2891, False, 0.90, 4.00
                   ccmppi, 4096, 20, 4.1238, 150, 0.00228, 0.00000, 0.33578, 2892, False, 0.90, 4.50
                   ccmppi, 4096, 20, 4.2486, 147, 0.00228, 0.00000, 0.37945, 2893, False, 0.90, 5.00
                   ccmppi, 4096, 20, 4.5410, 159, 0.00232, 0.00000, 1.10780, 2894, False, 0.90, 5.50
                   ccmppi, 4096, 20, 4.2438, 125, 0.00226, 0.00000, 0.26422, 2895, False, 0.90, 6.00
                   ccmppi, 4096, 20, 4.1590, 225, 0.00200, 0.00000, 0.30796, 2896, False, 0.50, 1.00
                   ccmppi, 4096, 20, 4.2190, 185, 0.00210, 0.00000, 0.33223, 2897, False, 0.50, 1.50
                   ccmppi, 4096, 20, 4.2524, 177, 0.00214, 0.00000, 0.40206, 2898, False, 0.50, 2.00
                   ccmppi, 4096, 20, 4.2029, 166, 0.00217, 0.00000, 0.38373, 2899, False, 0.50, 2.50
                   ccmppi, 4096, 20, 4.2057, 142, 0.00222, 0.00000, 0.29323, 2900, False, 0.50, 3.00
                   ccmppi, 4096, 20, 4.0762, 126, 0.00224, 0.00000, 0.31974, 2901, False, 0.50, 3.50
                   ccmppi, 4096, 20, 4.2695, 150, 0.00231, 0.00000, 0.29430, 2902, False, 0.50, 4.00
                   ccmppi, 4096, 20, 4.2581, 168, 0.00233, 0.00000, 0.38082, 2903, False, 0.50, 4.50
                   ccmppi, 4096, 20, 4.3486, 137, 0.00234, 0.00000, 0.36886, 2904, False, 0.50, 5.00
                   ccmppi, 4096, 20, 4.4743, 152, 0.00230, 0.00000, 0.59752, 2905, False, 0.50, 5.50
                   ccmppi, 4096, 20, 4.3219, 139, 0.00225, 0.00000, 0.40885, 2906, False, 0.50, 6.00
                   ccmppi, 4096, 20, 4.1086, 229, 0.00208, 0.00000, 0.22716, 2907, False, 0.55, 1.00
                   ccmppi, 4096, 20, 4.1771, 195, 0.00209, 0.00000, 0.28721, 2908, False, 0.55, 1.50
                   ccmppi, 4096, 20, 4.1876, 182, 0.00217, 0.00000, 0.27412, 2909, False, 0.55, 2.00
                   ccmppi, 4096, 20, 4.1076, 149, 0.00219, 0.00000, 0.25675, 2910, False, 0.55, 2.50
                   ccmppi, 4096, 20, 4.2914, 160, 0.00216, 0.00000, 0.43243, 2911, False, 0.55, 3.00
                   ccmppi, 4096, 20, 4.2876, 166, 0.00223, 0.00000, 0.31589, 2912, False, 0.55, 3.50
                   ccmppi, 4096, 20, 4.2895, 173, 0.00228, 0.00000, 0.27786, 2913, False, 0.55, 4.00
                   ccmppi, 4096, 20, 4.1248, 145, 0.00225, 0.00000, 0.32688, 2914, False, 0.55, 4.50
                   ccmppi, 4096, 20, 4.3219, 145, 0.00226, 0.00000, 0.27450, 2915, False, 0.55, 5.00
                   ccmppi, 4096, 20, 4.1543, 125, 0.00227, 0.00000, 0.23029, 2916, False, 0.55, 5.50
                   ccmppi, 4096, 20, 4.5480, 72, 0.00230, 0.00000, 1.23383, 2917, True, 0.55, 6.00
                   ccmppi, 4096, 20, 4.1152, 217, 0.00202, 0.00000, 0.28672, 2918, False, 0.60, 1.00
                   ccmppi, 4096, 20, 4.0886, 205, 0.00208, 0.00000, 0.30159, 2919, False, 0.60, 1.50
                   ccmppi, 4096, 20, 4.0743, 172, 0.00217, 0.00000, 0.49277, 2920, False, 0.60, 2.00
                   ccmppi, 4096, 20, 4.1476, 169, 0.00221, 0.00000, 0.26378, 2921, False, 0.60, 2.50
                   ccmppi, 4096, 20, 4.1571, 169, 0.00221, 0.00000, 0.30352, 2922, False, 0.60, 3.00
                   ccmppi, 4096, -1, -1.0000, -1, -1.00000, -1.00000, -1.00000, 2923, False, 0.60, 3.50
