   mppi-same-terminal-cov, 4096, -1, -1.0000, -1, -1.00000, -1.00000, -1.00000, 1423, False, 0.50, 1.00
   mppi-same-terminal-cov, 4096, 20, 7.6560, 114, 0.00106, 0.00731, 1.65076, 1, True, 0.50, 1.00
   mppi-same-terminal-cov, 4096, 20, 7.8486, 125, 0.00104, 0.00769, 2.39907, 2, True, 0.50, 1.50
   mppi-same-terminal-cov, 4096, 20, 7.1400, 96, 0.00109, 0.00686, 0.68978, 3, True, 0.50, 2.00
   mppi-same-terminal-cov, 4096, 20, 8.8250, 70, 0.00111, 0.00571, 1.99165, 4, True, 0.50, 2.50
   mppi-same-terminal-cov, 4096, 20, 8.2550, 70, 0.00116, 0.00659, 1.76076, 5, True, 0.50, 3.00
   mppi-same-terminal-cov, 4096, 20, 8.1000, 68, 0.00113, 0.00730, 2.03076, 6, True, 0.50, 3.50
   mppi-same-terminal-cov, 4096, 20, 8.0250, 100, 0.00111, 0.00558, 1.13273, 7, True, 0.50, 4.00
   mppi-same-terminal-cov, 4096, 20, 7.9533, 102, 0.00119, 0.00555, 1.02974, 8, True, 0.50, 4.50
   mppi-same-terminal-cov, 4096, 20, 7.7800, 74, 0.00111, 0.00587, 1.06746, 9, True, 0.50, 5.00
   mppi-same-terminal-cov, 4096, 20, 7.7350, 77, 0.00108, 0.00571, 0.98898, 10, True, 0.50, 5.50
   mppi-same-terminal-cov, 4096, 20, 6.6300, 49, 0.00129, 0.00668, 2.63551, 11, True, 0.50, 6.00
   mppi-same-terminal-cov, 4096, 20, 9.1450, 72, 0.00116, 0.00546, 2.42464, 12, True, 0.50, 6.50
   mppi-same-terminal-cov, 4096, 20, 8.5900, 50, 0.00122, 0.00630, 2.05127, 13, True, 0.50, 7.00
   mppi-same-terminal-cov, 4096, 20, 8.3733, 75, 0.00116, 0.00478, 1.16325, 14, True, 0.50, 7.50
   mppi-same-terminal-cov, 4096, 20, 6.2500, 42, 0.00127, 0.00755, 2.54568, 15, True, 0.50, 8.00
   mppi-same-terminal-cov, 4096, 20, 7.3840, 101, 0.00115, 0.00673, 1.01630, 16, True, 0.50, 8.50
   mppi-same-terminal-cov, 4096, 20, 7.7500, 101, 0.00118, 0.00635, 1.19017, 17, True, 0.50, 9.00
   mppi-same-terminal-cov, 4096, 20, 7.1400, 56, 0.00118, 0.00754, 0.92052, 18, True, 0.50, 9.50
   mppi-same-terminal-cov, 4096, 20, 9.2000, 75, 0.00118, 0.00530, 2.58352, 19, True, 0.50, 10.00
   mppi-same-terminal-cov, 4096, 20, 8.9760, 127, 0.00103, 0.00533, 2.54579, 20, True, 0.55, 1.00
   mppi-same-terminal-cov, 4096, 20, 6.9286, 164, 0.00109, 0.00887, 1.39353, 21, True, 0.55, 1.50
   mppi-same-terminal-cov, 4096, 20, 6.5320, 102, 0.00130, 0.00794, 2.42383, 22, True, 0.55, 2.00
   mppi-same-terminal-cov, 4096, 20, 7.5450, 106, 0.00110, 0.00654, 1.06390, 23, True, 0.55, 2.50
   mppi-same-terminal-cov, 4096, 20, 8.7120, 91, 0.00113, 0.00631, 2.60128, 24, True, 0.55, 3.00
   mppi-same-terminal-cov, 4096, 20, 8.3300, 68, 0.00120, 0.00647, 1.94877, 25, True, 0.55, 3.50
   mppi-same-terminal-cov, 4096, 20, 6.5680, 50, 0.00114, 0.00780, 2.59487, 26, True, 0.55, 4.00
   mppi-same-terminal-cov, 4096, 20, 7.7533, 87, 0.00118, 0.00626, 1.12099, 27, True, 0.55, 4.50
   mppi-same-terminal-cov, 4096, 20, 8.9300, 119, 0.00111, 0.00658, 3.37291, 28, True, 0.55, 5.00
   mppi-same-terminal-cov, 4096, 20, 7.8800, 81, 0.00115, 0.00855, 2.62777, 29, True, 0.55, 5.50
   mppi-same-terminal-cov, 4096, 20, 8.5600, 106, 0.00123, 0.00462, 1.56365, 30, True, 0.55, 6.00
   mppi-same-terminal-cov, 4096, 20, 8.5000, 84, 0.00113, 0.00613, 2.35364, 31, True, 0.55, 6.50
   mppi-same-terminal-cov, 4096, 20, 6.9467, 67, 0.00122, 0.00729, 2.42005, 32, True, 0.55, 7.00
   mppi-same-terminal-cov, 4096, 20, 7.0520, 64, 0.00126, 0.00653, 2.57870, 33, True, 0.55, 7.50
   mppi-same-terminal-cov, 4096, 20, 8.3200, 53, 0.00121, 0.00631, 1.95415, 34, True, 0.55, 8.00
   mppi-same-terminal-cov, 4096, 20, 8.1800, 76, 0.00131, 0.00648, 1.59317, 35, True, 0.55, 8.50
   mppi-same-terminal-cov, 4096, 20, 8.1600, 63, 0.00118, 0.00659, 1.66829, 36, True, 0.55, 9.00
   mppi-same-terminal-cov, 4096, 20, 6.7867, 58, 0.00121, 0.00729, 2.23659, 37, True, 0.55, 9.50
   mppi-same-terminal-cov, 4096, 20, 7.5720, 81, 0.00112, 0.00646, 1.22609, 38, True, 0.55, 10.00
   mppi-same-terminal-cov, 4096, 20, 7.5440, 151, 0.00104, 0.00647, 1.28893, 39, True, 0.60, 1.00
   mppi-same-terminal-cov, 4096, 20, 7.3320, 128, 0.00108, 0.00697, 1.04633, 40, True, 0.60, 1.50
   mppi-same-terminal-cov, 4096, 20, 8.1880, 85, 0.00108, 0.00658, 1.89063, 41, True, 0.60, 2.00
   mppi-same-terminal-cov, 4096, 20, 7.8400, 105, 0.00109, 0.00796, 2.44928, 42, True, 0.60, 2.50
   mppi-same-terminal-cov, 4096, 20, 6.7000, 49, 0.00110, 0.00701, 2.67214, 43, True, 0.60, 3.00
   mppi-same-terminal-cov, 4096, 20, 7.7750, 102, 0.00115, 0.00596, 1.15537, 44, True, 0.60, 3.50
   mppi-same-terminal-cov, 4096, 20, 6.3550, 70, 0.00111, 0.01033, 2.13595, 45, True, 0.60, 4.00
   mppi-same-terminal-cov, 4096, 20, 8.6360, 83, 0.00112, 0.00625, 2.62100, 46, True, 0.60, 4.50
   mppi-same-terminal-cov, 4096, 20, 7.7700, 86, 0.00113, 0.00589, 1.22446, 47, True, 0.60, 5.00
   mppi-same-terminal-cov, 4096, 20, 9.0050, 74, 0.00113, 0.00552, 2.38157, 48, True, 0.60, 5.50
   mppi-same-terminal-cov, 4096, 20, 6.7567, 68, 0.00121, 0.00784, 2.30990, 49, True, 0.60, 6.00
   mppi-same-terminal-cov, 4096, 20, 8.7900, 89, 0.00112, 0.00579, 2.57658, 50, True, 0.60, 6.50
   mppi-same-terminal-cov, 4096, 20, 9.1050, 114, 0.00121, 0.00379, 1.58091, 51, True, 0.60, 7.00
   mppi-same-terminal-cov, 4096, 20, 8.1000, 73, 0.00125, 0.00599, 1.28642, 52, True, 0.60, 7.50
   mppi-same-terminal-cov, 4096, 20, 7.8200, 83, 0.00111, 0.00606, 1.34140, 53, True, 0.60, 8.00
   mppi-same-terminal-cov, 4096, 20, 8.7600, 97, 0.00119, 0.00601, 2.54731, 54, True, 0.60, 8.50
   mppi-same-terminal-cov, 4096, 20, 8.7440, 78, 0.00114, 0.00576, 2.39187, 55, True, 0.60, 9.00
   mppi-same-terminal-cov, 4096, 20, 7.2057, 92, 0.00111, 0.00734, 0.97369, 56, True, 0.60, 9.50
   mppi-same-terminal-cov, 4096, 20, 7.9840, 64, 0.00121, 0.00564, 1.25503, 57, True, 0.60, 10.00
   mppi-same-terminal-cov, 4096, 20, 7.7100, 139, 0.00102, 0.00687, 1.57153, 58, True, 0.65, 1.00
   mppi-same-terminal-cov, 4096, 20, 8.8767, 136, 0.00111, 0.00514, 2.53381, 59, True, 0.65, 1.50
   mppi-same-terminal-cov, 4096, 20, 7.8320, 81, 0.00120, 0.00712, 1.38671, 60, True, 0.65, 2.00
   mppi-same-terminal-cov, 4096, 20, 6.3960, 67, 0.00113, 0.00783, 2.46429, 61, True, 0.65, 2.50
   mppi-same-terminal-cov, 4096, 20, 7.4100, 86, 0.00122, 0.00895, 1.67490, 62, True, 0.65, 3.00
   mppi-same-terminal-cov, 4096, 20, 7.9000, 77, 0.00114, 0.00715, 1.80931, 63, True, 0.65, 3.50
   mppi-same-terminal-cov, 4096, 20, 8.0114, 105, 0.00112, 0.00756, 2.41476, 64, True, 0.65, 4.00
   mppi-same-terminal-cov, 4096, 20, 9.0280, 82, 0.00116, 0.00561, 2.55589, 65, True, 0.65, 4.50
   mppi-same-terminal-cov, 4096, 20, 8.1543, 83, 0.00116, 0.00648, 1.79643, 66, True, 0.65, 5.00
   mppi-same-terminal-cov, 4096, 20, 7.8720, 95, 0.00119, 0.00608, 1.51940, 67, True, 0.65, 5.50
   mppi-same-terminal-cov, 4096, 20, 7.3400, 102, 0.00109, 0.00708, 1.12026, 68, True, 0.65, 6.00
   mppi-same-terminal-cov, 4096, 20, 7.5400, 92, 0.00110, 0.00698, 1.53983, 69, True, 0.65, 6.50
   mppi-same-terminal-cov, 4096, 20, 6.7457, 74, 0.00117, 0.00943, 1.08226, 70, True, 0.65, 7.00
   mppi-same-terminal-cov, 4096, 20, 8.6733, 84, 0.00115, 0.00584, 2.35926, 71, True, 0.65, 7.50
   mppi-same-terminal-cov, 4096, 20, 7.8560, 103, 0.00116, 0.00609, 1.34690, 72, True, 0.65, 8.00
   mppi-same-terminal-cov, 4096, 20, 7.1914, 96, 0.00111, 0.00763, 1.17939, 73, True, 0.65, 8.50
   mppi-same-terminal-cov, 4096, 20, 7.2114, 71, 0.00120, 0.00651, 2.36800, 74, True, 0.65, 9.00
   mppi-same-terminal-cov, 4096, 20, 8.2400, 103, 0.00113, 0.00649, 2.33162, 75, True, 0.65, 9.50
   mppi-same-terminal-cov, 4096, 20, 7.4840, 85, 0.00115, 0.00666, 1.17735, 76, True, 0.65, 10.00
   mppi-same-terminal-cov, 4096, 20, 7.5436, 193, 0.00101, 0.00756, 1.68216, 77, True, 0.70, 1.00
   mppi-same-terminal-cov, 4096, 20, 7.1667, 164, 0.00106, 0.00912, 1.70955, 78, True, 0.70, 1.50
   mppi-same-terminal-cov, 4096, 20, 8.1480, 96, 0.00114, 0.00635, 1.75247, 79, True, 0.70, 2.00
   mppi-same-terminal-cov, 4096, 20, 8.0286, 106, 0.00112, 0.00694, 2.12256, 80, True, 0.70, 2.50
   mppi-same-terminal-cov, 4096, 20, 8.0825, 117, 0.00110, 0.00706, 2.37585, 81, True, 0.70, 3.00
   mppi-same-terminal-cov, 4096, 20, 8.8450, 73, 0.00112, 0.00575, 2.26011, 82, True, 0.70, 3.50
   mppi-same-terminal-cov, 4096, 20, 8.7880, 80, 0.00112, 0.00549, 2.09371, 83, True, 0.70, 4.00
   mppi-same-terminal-cov, 4096, 20, 8.0314, 99, 0.00114, 0.00710, 2.20702, 84, True, 0.70, 4.50
   mppi-same-terminal-cov, 4096, 20, 6.7000, 85, 0.00112, 0.00891, 2.05444, 85, True, 0.70, 5.00
   mppi-same-terminal-cov, 4096, 20, 8.1057, 89, 0.00116, 0.00676, 2.06828, 86, True, 0.70, 5.50
   mppi-same-terminal-cov, 4096, 20, 8.5500, 79, 0.00113, 0.00582, 2.09468, 87, True, 0.70, 6.00
   mppi-same-terminal-cov, 4096, 20, 7.3000, 95, 0.00115, 0.00725, 1.09563, 88, True, 0.70, 6.50
   mppi-same-terminal-cov, 4096, 20, 9.1067, 91, 0.00115, 0.00488, 2.40041, 89, True, 0.70, 7.00
   mppi-same-terminal-cov, 4096, 20, 7.6073, 91, 0.00114, 0.00795, 1.85133, 90, True, 0.70, 7.50
   mppi-same-terminal-cov, 4096, 20, 7.4000, 82, 0.00119, 0.00635, 2.29980, 91, True, 0.70, 8.00
   mppi-same-terminal-cov, 4096, 20, 7.3829, 76, 0.00123, 0.00618, 2.46992, 92, True, 0.70, 8.50
   mppi-same-terminal-cov, 4096, 20, 6.7075, 77, 0.00125, 0.00754, 2.00716, 93, True, 0.70, 9.00
   mppi-same-terminal-cov, 4096, 20, 8.4000, 94, 0.00113, 0.00612, 2.35925, 94, True, 0.70, 9.50
   mppi-same-terminal-cov, 4096, 20, 8.3000, 71, 0.00124, 0.00603, 1.49327, 95, True, 0.70, 10.00
   mppi-same-terminal-cov, 4096, 20, 7.6092, 228, 0.00100, 0.00761, 2.03951, 96, True, 0.75, 1.00
   mppi-same-terminal-cov, 4096, 20, 7.3325, 126, 0.00109, 0.00843, 1.43558, 97, True, 0.75, 1.50
   mppi-same-terminal-cov, 4096, 20, 7.5829, 118, 0.00109, 0.00827, 2.17538, 98, True, 0.75, 2.00
   mppi-same-terminal-cov, 4096, 20, 7.9000, 92, 0.00119, 0.00703, 1.54523, 99, True, 0.75, 2.50
   mppi-same-terminal-cov, 4096, 20, 8.4467, 87, 0.00112, 0.00562, 1.60784, 100, True, 0.75, 3.00
   mppi-same-terminal-cov, 4096, 20, 8.1289, 110, 0.00108, 0.00654, 2.12800, 101, True, 0.75, 3.50
   mppi-same-terminal-cov, 4096, 20, 7.7333, 111, 0.00112, 0.00744, 1.93393, 102, True, 0.75, 4.00
   mppi-same-terminal-cov, 4096, 20, 7.9867, 98, 0.00113, 0.00681, 1.81164, 103, True, 0.75, 4.50
   mppi-same-terminal-cov, 4096, 20, 8.0311, 118, 0.00112, 0.00717, 2.41135, 104, True, 0.75, 5.00
   mppi-same-terminal-cov, 4096, 20, 7.1556, 85, 0.00112, 0.00696, 2.30593, 105, True, 0.75, 5.50
   mppi-same-terminal-cov, 4096, 20, 6.7147, 121, 0.00117, 0.00978, 1.81850, 106, True, 0.75, 6.00
   mppi-same-terminal-cov, 4096, 20, 7.0367, 66, 0.00126, 0.00704, 2.48154, 107, True, 0.75, 6.50
   mppi-same-terminal-cov, 4096, 20, 6.9467, 64, 0.00123, 0.00680, 2.32977, 108, True, 0.75, 7.00
   mppi-same-terminal-cov, 4096, 20, 7.1000, 135, 0.00113, 0.00862, 1.54829, 109, True, 0.75, 7.50
   mppi-same-terminal-cov, 4096, 20, 7.2257, 76, 0.00121, 0.00666, 2.34457, 110, True, 0.75, 8.00
   mppi-same-terminal-cov, 4096, 20, 7.5000, 135, 0.00113, 0.00698, 1.30724, 111, True, 0.75, 8.50
   mppi-same-terminal-cov, 4096, 20, 8.6300, 87, 0.00115, 0.00596, 2.42495, 112, True, 0.75, 9.00
   mppi-same-terminal-cov, 4096, 20, 7.2075, 79, 0.00125, 0.00722, 2.20941, 113, True, 0.75, 9.50
   mppi-same-terminal-cov, 4096, 20, 7.1945, 96, 0.00118, 0.00786, 0.90747, 114, True, 0.75, 10.00
   mppi-same-terminal-cov, 4096, 20, 7.7691, 210, 0.00100, 0.00701, 2.04750, 115, True, 0.80, 1.00
   mppi-same-terminal-cov, 4096, 20, 7.6525, 142, 0.00108, 0.00715, 1.46932, 116, True, 0.80, 1.50
   mppi-same-terminal-cov, 4096, 20, 7.3444, 116, 0.00114, 0.00828, 1.35511, 117, True, 0.80, 2.00
   mppi-same-terminal-cov, 4096, 20, 7.7225, 106, 0.00109, 0.00734, 1.65953, 118, True, 0.80, 2.50
   mppi-same-terminal-cov, 4096, 20, 6.8860, 87, 0.00109, 0.00802, 2.03694, 119, True, 0.80, 3.00
   mppi-same-terminal-cov, 4096, 20, 8.4067, 89, 0.00112, 0.00572, 1.81066, 120, True, 0.80, 3.50
   mppi-same-terminal-cov, 4096, 20, 7.8822, 103, 0.00110, 0.00697, 1.74033, 121, True, 0.80, 4.00
   mppi-same-terminal-cov, 4096, 20, 7.0225, 72, 0.00110, 0.00713, 2.27010, 122, True, 0.80, 4.50
   mppi-same-terminal-cov, 4096, 20, 7.1431, 165, 0.00116, 0.00840, 1.53811, 123, True, 0.80, 5.00
   mppi-same-terminal-cov, 4096, 20, 8.0220, 89, 0.00115, 0.00638, 1.67060, 124, True, 0.80, 5.50
   mppi-same-terminal-cov, 4096, 20, 7.6500, 81, 0.00116, 0.00767, 1.71811, 125, True, 0.80, 6.00
   mppi-same-terminal-cov, 4096, 20, 6.9733, 73, 0.00119, 0.00826, 1.15664, 126, True, 0.80, 6.50
   mppi-same-terminal-cov, 4096, 20, 7.0036, 94, 0.00117, 0.00779, 1.93837, 127, True, 0.80, 7.00
   mppi-same-terminal-cov, 4096, 20, 7.4360, 105, 0.00116, 0.00792, 1.60770, 128, True, 0.80, 7.50
   mppi-same-terminal-cov, 4096, 20, 6.7720, 84, 0.00120, 0.00895, 2.03161, 129, True, 0.80, 8.00
   mppi-same-terminal-cov, 4096, 20, 7.3460, 89, 0.00121, 0.00656, 2.10263, 130, True, 0.80, 8.50
   mppi-same-terminal-cov, 4096, 20, 7.3455, 97, 0.00116, 0.00653, 1.91818, 131, True, 0.80, 9.00
   mppi-same-terminal-cov, 4096, 20, 6.2653, 138, 0.00118, 0.01181, 1.41366, 132, True, 0.80, 9.50
   mppi-same-terminal-cov, 4096, 20, 8.7571, 96, 0.00115, 0.00551, 2.39207, 133, True, 0.80, 10.00
   mppi-same-terminal-cov, 4096, 20, 5.4867, 236, 0.00095, 0.01932, 0.12563, 134, False, 0.85, 1.00
   mppi-same-terminal-cov, 4096, 20, 6.6848, 283, 0.00105, 0.01170, 1.49358, 135, False, 0.85, 1.50
   mppi-same-terminal-cov, 4096, 20, 7.4483, 158, 0.00107, 0.00791, 1.62607, 136, True, 0.85, 2.00
   mppi-same-terminal-cov, 4096, 20, 6.7750, 78, 0.00108, 0.00778, 2.15146, 137, True, 0.85, 2.50
   mppi-same-terminal-cov, 4096, 20, 8.1975, 108, 0.00110, 0.00605, 1.71984, 138, True, 0.85, 3.00
   mppi-same-terminal-cov, 4096, 20, 7.9533, 144, 0.00111, 0.00693, 2.01750, 139, True, 0.85, 3.50
   mppi-same-terminal-cov, 4096, 20, 7.8929, 145, 0.00108, 0.00657, 1.71314, 140, True, 0.85, 4.00
   mppi-same-terminal-cov, 4096, 20, 7.0982, 96, 0.00108, 0.00770, 2.20049, 141, True, 0.85, 4.50
   mppi-same-terminal-cov, 4096, 20, 7.6867, 156, 0.00115, 0.00704, 3.41471, 142, True, 0.85, 5.00
   mppi-same-terminal-cov, 4096, 20, 6.5769, 90, 0.00111, 0.00969, 1.85764, 143, True, 0.85, 5.50
   mppi-same-terminal-cov, 4096, 20, 8.4600, 123, 0.00108, 0.00538, 1.85979, 144, True, 0.85, 6.00
   mppi-same-terminal-cov, 4096, 20, 6.6453, 151, 0.00115, 0.01027, 1.65917, 145, True, 0.85, 6.50
   mppi-same-terminal-cov, 4096, 20, 7.4180, 98, 0.00116, 0.00646, 2.20888, 146, True, 0.85, 7.00
   mppi-same-terminal-cov, 4096, 20, 8.6400, 98, 0.00116, 0.00593, 2.52584, 147, True, 0.85, 7.50
   mppi-same-terminal-cov, 4096, 20, 7.6311, 87, 0.00115, 0.00652, 1.21900, 148, True, 0.85, 8.00
   mppi-same-terminal-cov, 4096, 20, 7.1153, 169, 0.00113, 0.00850, 2.75245, 149, True, 0.85, 8.50
   mppi-same-terminal-cov, 4096, 20, 7.5333, 195, 0.00120, 0.00762, 3.25654, 150, True, 0.85, 9.00
   mppi-same-terminal-cov, 4096, 20, 6.8110, 171, 0.00112, 0.00960, 1.38222, 151, True, 0.85, 9.50
   mppi-same-terminal-cov, 4096, 20, 6.8287, 129, 0.00118, 0.00894, 1.65263, 152, True, 0.85, 10.00
   mppi-same-terminal-cov, 4096, 20, 6.1562, 215, 0.00093, 0.01348, 0.55678, 153, False, 0.90, 1.00
   mppi-same-terminal-cov, 4096, 20, 7.4986, 192, 0.00104, 0.00739, 1.63348, 154, True, 0.90, 1.50
   mppi-same-terminal-cov, 4096, 20, 7.3800, 160, 0.00108, 0.00796, 1.68689, 155, True, 0.90, 2.00
   mppi-same-terminal-cov, 4096, 20, 7.4655, 131, 0.00109, 0.00794, 1.72597, 156, True, 0.90, 2.50
   mppi-same-terminal-cov, 4096, 20, 8.5400, 112, 0.00109, 0.00538, 1.85462, 157, True, 0.90, 3.00
   mppi-same-terminal-cov, 4096, 20, 6.9080, 120, 0.00107, 0.00830, 1.77438, 158, True, 0.90, 3.50
   mppi-same-terminal-cov, 4096, 20, 8.7000, 97, 0.00111, 0.00541, 2.19417, 159, True, 0.90, 4.00
   mppi-same-terminal-cov, 4096, 20, 7.1933, 99, 0.00111, 0.00717, 2.03398, 160, True, 0.90, 4.50
   mppi-same-terminal-cov, 4096, 20, 8.0492, 180, 0.00110, 0.00551, 1.35369, 161, True, 0.90, 5.00
   mppi-same-terminal-cov, 4096, 20, 7.0010, 153, 0.00109, 0.00947, 1.11703, 162, False, 0.90, 5.50
   mppi-same-terminal-cov, 4096, 20, 7.3680, 140, 0.00112, 0.00872, 1.93188, 163, True, 0.90, 6.00
   mppi-same-terminal-cov, 4096, 20, 7.5182, 108, 0.00114, 0.00684, 1.15910, 164, True, 0.90, 6.50
   mppi-same-terminal-cov, 4096, 20, 6.4484, 146, 0.00118, 0.01134, 1.71807, 165, True, 0.90, 7.00
   mppi-same-terminal-cov, 4096, 20, 7.0200, 71, 0.00110, 0.00747, 2.24816, 166, True, 0.90, 7.50
   mppi-same-terminal-cov, 4096, 20, 6.5952, 144, 0.00113, 0.01162, 1.16670, 167, False, 0.90, 8.00
   mppi-same-terminal-cov, 4096, 20, 8.0000, 127, 0.00112, 0.00616, 1.50237, 168, True, 0.90, 8.50
   mppi-same-terminal-cov, 4096, 20, 6.6612, 123, 0.00119, 0.00983, 1.71870, 169, True, 0.90, 9.00
   mppi-same-terminal-cov, 4096, 20, 7.7647, 180, 0.00109, 0.00623, 2.91655, 170, True, 0.90, 9.50
   mppi-same-terminal-cov, 4096, 20, 7.2720, 145, 0.00115, 0.00894, 1.85338, 171, True, 0.90, 10.00
   mppi-same-terminal-cov, 4096, 20, 5.4314, 246, 0.00099, 0.01974, 0.16220, 172, False, 0.95, 1.00
   mppi-same-terminal-cov, 4096, 20, 6.5914, 178, 0.00096, 0.01042, 0.46104, 173, False, 0.95, 1.50
   mppi-same-terminal-cov, 4096, 20, 6.9225, 179, 0.00108, 0.00962, 1.20696, 174, True, 0.95, 2.00
   mppi-same-terminal-cov, 4096, 20, 7.5653, 158, 0.00107, 0.00730, 1.48696, 175, True, 0.95, 2.50
   mppi-same-terminal-cov, 4096, 20, 6.8550, 177, 0.00108, 0.00916, 1.74133, 176, True, 0.95, 3.00
   mppi-same-terminal-cov, 4096, 20, 8.1718, 179, 0.00110, 0.00570, 1.57358, 177, True, 0.95, 3.50
   mppi-same-terminal-cov, 4096, 20, 6.6543, 165, 0.00111, 0.01138, 1.15391, 178, False, 0.95, 4.00
   mppi-same-terminal-cov, 4096, 20, 7.7210, 157, 0.00104, 0.00650, 0.76399, 179, False, 0.95, 4.50
   mppi-same-terminal-cov, 4096, 20, 7.1144, 136, 0.00111, 0.00808, 1.89831, 180, True, 0.95, 5.00
   mppi-same-terminal-cov, 4096, 20, 7.2260, 182, 0.00111, 0.00878, 1.68080, 181, True, 0.95, 5.50
   mppi-same-terminal-cov, 4096, 20, 7.2133, 152, 0.00110, 0.00887, 1.18676, 182, False, 0.95, 6.00
   mppi-same-terminal-cov, 4096, 20, 6.2229, 140, 0.00112, 0.01339, 0.67810, 183, False, 0.95, 6.50
   mppi-same-terminal-cov, 4096, 20, 5.8914, 129, 0.00116, 0.01545, 0.32843, 184, False, 0.95, 7.00
   mppi-same-terminal-cov, 4096, 20, 5.7152, 131, 0.00117, 0.01732, 0.19740, 185, False, 0.95, 7.50
   mppi-same-terminal-cov, 4096, 20, 5.7771, 127, 0.00116, 0.01620, 0.19821, 186, False, 0.95, 8.00
   mppi-same-terminal-cov, 4096, 20, 5.5371, 123, 0.00117, 0.01890, 0.21312, 187, False, 0.95, 8.50
   mppi-same-terminal-cov, 4096, 20, 7.3765, 144, 0.00116, 0.00707, 1.84567, 188, True, 0.95, 9.00
   mppi-same-terminal-cov, 4096, 20, 7.4133, 123, 0.00116, 0.00693, 2.03569, 189, True, 0.95, 9.50
   mppi-same-terminal-cov, 4096, 20, 7.3662, 110, 0.00115, 0.00656, 1.88264, 190, True, 0.95, 10.00
   mppi-same-terminal-cov, 4096, 20, 5.2867, 223, 0.00099, 0.02153, 0.13112, 191, False, 1.00, 1.00
   mppi-same-terminal-cov, 4096, 20, 5.7943, 208, 0.00100, 0.01617, 0.29819, 192, False, 1.00, 1.50
   mppi-same-terminal-cov, 4096, 20, 5.9210, 196, 0.00106, 0.01529, 0.19484, 193, False, 1.00, 2.00
   mppi-same-terminal-cov, 4096, 20, 6.1495, 175, 0.00105, 0.01344, 0.27738, 194, False, 1.00, 2.50
   mppi-same-terminal-cov, 4096, 20, 6.3105, 177, 0.00107, 0.01278, 0.67884, 195, False, 1.00, 3.00
   mppi-same-terminal-cov, 4096, 20, 7.4290, 201, 0.00108, 0.00804, 1.74503, 196, True, 1.00, 3.50
   mppi-same-terminal-cov, 4096, 20, 7.7107, 134, 0.00112, 0.00609, 2.03723, 197, True, 1.00, 4.00
   mppi-same-terminal-cov, 4096, 20, 7.7747, 199, 0.00112, 0.00631, 1.52425, 198, True, 1.00, 4.50
   mppi-same-terminal-cov, 4096, 20, 7.6718, 149, 0.00115, 0.00607, 1.78475, 199, True, 1.00, 5.00
   mppi-same-terminal-cov, 4096, 20, 6.9650, 138, 0.00115, 0.00847, 1.76881, 200, True, 1.00, 5.50
   mppi-same-terminal-cov, 4096, 20, 5.7105, 137, 0.00116, 0.01689, 0.20224, 201, False, 1.00, 6.00
   mppi-same-terminal-cov, 4096, 20, 7.2505, 150, 0.00109, 0.00790, 0.77658, 202, False, 1.00, 6.50
   mppi-same-terminal-cov, 4096, 20, 6.3933, 143, 0.00112, 0.01218, 0.73698, 203, False, 1.00, 7.00
   mppi-same-terminal-cov, 4096, 20, 5.6819, 129, 0.00118, 0.01724, 0.18120, 204, False, 1.00, 7.50
   mppi-same-terminal-cov, 4096, 20, 5.7029, 121, 0.00118, 0.01732, 0.23675, 205, False, 1.00, 8.00
   mppi-same-terminal-cov, 4096, 20, 5.4048, 116, 0.00121, 0.02002, 0.13896, 206, False, 1.00, 8.50
   mppi-same-terminal-cov, 4096, 20, 5.6276, 127, 0.00117, 0.01797, 0.17397, 207, False, 1.00, 9.00
   mppi-same-terminal-cov, 4096, 20, 6.4943, 134, 0.00109, 0.01132, 0.58068, 208, False, 1.00, 9.50
   mppi-same-terminal-cov, 4096, 20, 6.5010, 128, 0.00110, 0.01126, 0.62909, 209, False, 1.00, 10.00
