       mppi-same-injected, 4096, 20, 7.5160, 142, 0.00111, 0.00992, 1.75601, 1565, True, 0.50, 1.50
                   ccmppi, 4096, 20, 4.0790, 236, 0.00221, 0.04063, 0.15510, 1566, False, 0.50, 1.50
       mppi-same-injected, 4096, 20, 8.2800, 99, 0.00116, 0.00789, 1.91553, 1567, True, 0.50, 2.50
                   ccmppi, 4096, 20, 1.4800, 26, 0.00296, 0.00795, 0.00000, 1568, True, 0.50, 2.50
       mppi-same-injected, 4096, 20, 8.1886, 88, 0.00113, 0.00744, 1.97293, 1569, True, 0.50, 3.50
                   ccmppi, 4096, 20, 4.5248, 148, 0.00229, 0.03327, 0.75583, 1570, False, 0.50, 3.50
       mppi-same-injected, 4096, 20, 8.3971, 95, 0.00117, 0.00792, 2.24691, 1571, True, 0.50, 4.50
                   ccmppi, 4096, 20, 4.8943, 100, 0.00305, 0.02088, 1.71786, 1572, True, 0.50, 4.50
       mppi-same-injected, 4096, 20, 8.0600, 74, 0.00123, 0.00810, 1.81341, 1573, True, 0.50, 5.50
                   ccmppi, 4096, 20, 2.6900, 20, 0.00301, 0.01268, 1.67000, 1574, True, 0.50, 5.50
       mppi-same-injected, 4096, 20, 8.0200, 106, 0.00120, 0.00851, 2.24099, 1575, True, 0.50, 6.50
                   ccmppi, 4096, 20, 4.4352, 162, 0.00253, 0.03247, 0.59323, 1576, False, 0.50, 6.50
       mppi-same-injected, 4096, 20, 7.5000, 114, 0.00119, 0.00857, 1.28582, 1577, True, 0.50, 7.50
                   ccmppi, 4096, 20, 4.2981, 127, 0.00248, 0.03757, 0.37268, 1578, False, 0.50, 7.50
       mppi-same-injected, 4096, 20, 7.8850, 84, 0.00118, 0.00754, 1.34799, 1579, True, 0.50, 8.50
                   ccmppi, 4096, 20, 4.6200, 140, 0.00251, 0.03759, 1.17687, 1580, False, 0.50, 8.50
       mppi-same-injected, 4096, 20, 8.4200, 89, 0.00124, 0.00800, 2.58080, 1581, True, 0.50, 9.50
                   ccmppi, 4096, 20, 4.8800, 35, 0.00313, 0.01446, 0.70569, 1582, True, 0.50, 9.50
       mppi-same-injected, 4096, 20, 7.6800, 157, 0.00101, 0.00878, 1.86048, 1583, True, 0.55, 1.00
                   ccmppi, 4096, 20, 4.5743, 284, 0.00224, 0.03095, 1.04424, 1584, False, 0.55, 1.00
       mppi-same-injected, 4096, 20, 7.8800, 140, 0.00113, 0.00873, 2.09221, 1585, True, 0.55, 1.50
                   ccmppi, 4096, 20, 4.0800, 189, 0.00221, 0.04004, 0.26338, 1586, False, 0.55, 1.50
       mppi-same-injected, 4096, 20, 7.8200, 127, 0.00109, 0.00827, 1.82031, 1587, True, 0.55, 2.00
                   ccmppi, 4096, 20, 4.1600, 183, 0.00224, 0.03851, 0.31204, 1588, False, 0.55, 2.00
       mppi-same-injected, 4096, 20, 7.7629, 110, 0.00127, 0.00878, 1.59461, 1589, True, 0.55, 2.50
                   ccmppi, 4096, 20, 4.1038, 155, 0.00236, 0.04160, 0.33196, 1590, False, 0.55, 2.50
       mppi-same-injected, 4096, 20, 7.5825, 109, 0.00118, 0.00974, 1.79734, 1591, True, 0.55, 3.00
                   ccmppi, 4096, 20, 5.3133, 59, 0.00332, 0.01789, 1.04987, 1592, True, 0.55, 3.00
       mppi-same-injected, 4096, 20, 8.7257, 98, 0.00117, 0.00678, 2.02097, 1593, True, 0.55, 3.50
                   ccmppi, 4096, 20, 4.2533, 160, 0.00243, 0.03949, 0.53585, 1594, False, 0.55, 3.50
       mppi-same-injected, 4096, 20, 7.7257, 109, 0.00117, 0.00773, 1.37370, 1595, True, 0.55, 4.00
                   ccmppi, 4096, 20, 5.0381, 197, 0.00257, 0.03095, 2.06331, 1596, False, 0.55, 4.00
       mppi-same-injected, 4096, 20, 8.1940, 120, 0.00122, 0.00828, 2.14627, 1597, True, 0.55, 4.50
                   ccmppi, 4096, 20, 6.7000, 42, 0.00273, 0.00517, 0.00000, 1598, True, 0.55, 4.50
       mppi-same-injected, 4096, 20, 8.2960, 121, 0.00118, 0.00734, 1.95689, 1599, True, 0.55, 5.00
                   ccmppi, 4096, 20, 4.3514, 143, 0.00243, 0.03957, 0.53415, 1600, False, 0.55, 5.00
       mppi-same-injected, 4096, 20, 7.8971, 108, 0.00118, 0.00683, 1.17777, 1601, True, 0.55, 5.50
       mppi-same-injected, 4096, 20, 7.8825, 142, 0.00125, 0.00738, 1.76569, 1602, True, 0.55, 5.50
                   ccmppi, 4096, 20, 5.2733, 172, 0.00302, 0.02146, 1.33867, 1603, True, 0.55, 5.50
       mppi-same-injected, 4096, 20, 7.6527, 147, 0.00118, 0.00777, 1.25563, 1604, True, 0.55, 6.00
                   ccmppi, 4096, -1, -1.0000, -1, -1.00000, -1.00000, -1.00000, 1605, True, 0.55, 6.00
       mppi-same-injected, 4096, 20, 7.6967, 96, 0.00118, 0.00754, 1.41084, 1606, True, 0.55, 6.50
                   ccmppi, 4096, 20, 4.3324, 130, 0.00253, 0.03501, 0.62560, 1607, False, 0.55, 6.50
       mppi-same-injected, 4096, 20, 7.7829, 99, 0.00119, 0.00729, 1.30771, 1608, True, 0.55, 7.00
                   ccmppi, 4096, 20, 5.5500, 35, 0.00291, 0.00998, 0.11000, 1609, True, 0.55, 7.00
       mppi-same-injected, 4096, 20, 7.7680, 121, 0.00116, 0.00717, 0.97772, 1610, True, 0.55, 7.50
                   ccmppi, 4096, 20, 5.8800, 144, 0.00260, 0.01585, 1.36111, 1611, True, 0.55, 7.50
       mppi-same-injected, 4096, 20, 6.8340, 85, 0.00128, 0.01214, 1.02731, 1612, True, 0.55, 8.00
                   ccmppi, 4096, 20, 4.2629, 122, 0.00248, 0.03995, 0.44209, 1613, False, 0.55, 8.00
       mppi-same-injected, 4096, 20, 7.7022, 126, 0.00116, 0.00757, 1.26366, 1614, True, 0.55, 8.50
                   ccmppi, 4096, 20, 5.7764, 165, 0.00277, 0.02055, 1.69622, 1615, True, 0.55, 8.50
       mppi-same-injected, 4096, 20, 7.5000, 135, 0.00116, 0.00802, 1.03137, 1616, True, 0.55, 9.00
                   ccmppi, 4096, 20, 4.4590, 147, 0.00244, 0.03709, 0.35005, 1617, False, 0.55, 9.00
       mppi-same-injected, 4096, 20, 8.3286, 89, 0.00126, 0.00673, 1.51257, 1618, True, 0.55, 9.50
                   ccmppi, 4096, 20, 5.8000, 16, 0.00304, 0.00808, 0.00000, 1619, True, 0.55, 9.50
       mppi-same-injected, 4096, 20, 7.5050, 119, 0.00123, 0.00855, 1.32045, 1620, True, 0.55, 10.00
                   ccmppi, 4096, -1, -1.0000, -1, -1.00000, -1.00000, -1.00000, 1621, True, 0.55, 10.00
       mppi-same-injected, 4096, 20, 7.8200, 146, 0.00110, 0.00811, 1.72629, 1622, True, 0.60, 1.50
                   ccmppi, 4096, 20, 4.2257, 210, 0.00220, 0.03907, 0.31303, 1623, False, 0.60, 1.50
       mppi-same-injected, 4096, 20, 7.6600, 126, 0.00118, 0.00917, 1.74778, 1624, True, 0.60, 2.50
                   ccmppi, 4096, 20, 1.0200, 27, 0.00396, 0.01132, 0.00000, 1625, True, 0.60, 2.50
       mppi-same-injected, 4096, 20, 7.7260, 120, 0.00118, 0.00888, 1.78456, 1626, True, 0.60, 3.50
                   ccmppi, 4096, 20, 4.3619, 174, 0.00260, 0.04075, 0.87798, 1627, False, 0.60, 3.50
       mppi-same-injected, 4096, 20, 8.3625, 100, 0.00119, 0.00750, 2.25019, 1628, True, 0.60, 4.50
                   ccmppi, 4096, 20, 4.4048, 153, 0.00250, 0.04196, 0.72655, 1629, False, 0.60, 4.50
       mppi-same-injected, 4096, 20, 8.0333, 105, 0.00122, 0.00720, 1.46504, 1630, True, 0.60, 5.50
                   ccmppi, 4096, 20, 4.5867, 185, 0.00253, 0.03910, 0.74582, 1631, False, 0.60, 5.50
       mppi-same-injected, 4096, 20, 7.9422, 129, 0.00121, 0.00694, 3.64326, 1632, True, 0.60, 6.50
                   ccmppi, 4096, 20, 4.2733, 44, 0.00279, 0.00995, 1.86436, 1633, True, 0.60, 6.50
       mppi-same-injected, 4096, 20, 7.3329, 142, 0.00119, 0.00926, 1.17538, 1634, True, 0.60, 7.50
                   ccmppi, 4096, 20, 6.0800, 86, 0.00317, 0.01708, 1.43059, 1635, True, 0.60, 7.50
       mppi-same-injected, 4096, 20, 7.4982, 130, 0.00119, 0.00830, 1.40362, 1636, True, 0.60, 8.50
                   ccmppi, 4096, 20, 7.7900, 48, 0.00299, 0.01307, 2.51000, 1637, True, 0.60, 8.50
       mppi-same-injected, 4096, 20, 6.9867, 76, 0.00127, 0.00999, 0.86353, 1638, True, 0.60, 9.50
                   ccmppi, 4096, 20, 4.3790, 138, 0.00243, 0.03897, 0.35652, 1639, False, 0.60, 9.50
       mppi-same-injected, 4096, 20, 6.1486, 209, 0.00110, 0.01814, 0.57123, 1640, False, 0.65, 1.00
                   ccmppi, 4096, 20, 4.1171, 225, 0.00211, 0.03906, 0.37122, 1641, False, 0.65, 1.00
       mppi-same-injected, 4096, 20, 7.8818, 152, 0.00109, 0.00742, 1.48907, 1642, True, 0.65, 1.50
                   ccmppi, 4096, 20, 8.7333, 182, 0.00166, 0.00138, 3.20711, 1643, True, 0.65, 1.50
       mppi-same-injected, 4096, 20, 7.7340, 136, 0.00117, 0.00908, 1.58448, 1644, True, 0.65, 2.00
                   ccmppi, 4096, 20, 4.2600, 185, 0.00231, 0.03956, 0.54174, 1645, False, 0.65, 2.00
       mppi-same-injected, 4096, 20, 7.7178, 124, 0.00117, 0.00875, 1.70506, 1646, True, 0.65, 2.50
                   ccmppi, 4096, 20, 4.4124, 185, 0.00246, 0.04087, 0.76381, 1647, False, 0.65, 2.50
       mppi-same-injected, 4096, 20, 7.5000, 123, 0.00119, 0.00940, 1.55792, 1648, True, 0.65, 3.00
                   ccmppi, 4096, 20, 4.2700, 59, 0.00256, 0.01678, 1.41604, 1649, True, 0.65, 3.00
       mppi-same-injected, 4096, 20, 7.9036, 121, 0.00116, 0.00825, 1.83245, 1650, True, 0.65, 3.50
                   ccmppi, 4096, 20, 3.9000, 90, 0.00251, 0.03313, 1.08591, 1651, True, 0.65, 3.50
       mppi-same-injected, 4096, 20, 7.8983, 143, 0.00114, 0.00825, 2.20464, 1652, True, 0.65, 4.00
                   ccmppi, 4096, 20, 4.4435, 175, 0.00271, 0.03435, 0.93445, 1653, True, 0.65, 4.00
       mppi-same-injected, 4096, 20, 8.7020, 129, 0.00116, 0.00614, 2.08661, 1654, True, 0.65, 4.50
                   ccmppi, 4096, 20, 4.3848, 168, 0.00243, 0.03886, 0.58768, 1655, False, 0.65, 4.50
       mppi-same-injected, 4096, 20, 8.3971, 96, 0.00116, 0.00703, 2.00378, 1656, True, 0.65, 5.00
                   ccmppi, 4096, 20, 5.1835, 165, 0.00242, 0.02619, 2.31566, 1657, True, 0.65, 5.00
       mppi-same-injected, 4096, 20, 7.7368, 183, 0.00117, 0.00896, 2.03087, 1658, True, 0.65, 5.50
                   ccmppi, 4096, 20, 4.3324, 141, 0.00241, 0.03880, 0.37632, 1659, False, 0.65, 5.50
       mppi-same-injected, 4096, 20, 7.6720, 147, 0.00118, 0.00774, 1.43475, 1660, True, 0.65, 6.00
                   ccmppi, 4096, 20, 4.0886, 148, 0.00258, 0.04093, 0.56899, 1661, False, 0.65, 6.00
       mppi-same-injected, 4096, 20, 7.7200, 119, 0.00118, 0.00734, 1.43328, 1662, True, 0.65, 6.50
                   ccmppi, 4096, 20, 4.2219, 128, 0.00245, 0.04124, 0.27037, 1663, False, 0.65, 6.50
       mppi-same-injected, 4096, 20, 7.8640, 104, 0.00119, 0.00692, 1.32045, 1664, True, 0.65, 7.00
                   ccmppi, 4096, 20, 4.9505, 154, 0.00269, 0.02601, 0.91991, 1665, False, 0.65, 7.00
       mppi-same-injected, 4096, 20, 7.5112, 171, 0.00118, 0.00861, 2.80124, 1666, True, 0.65, 7.50
                   ccmppi, 4096, -1, -1.0000, -1, -1.00000, -1.00000, -1.00000, 1667, True, 0.65, 7.50
       mppi-same-injected, 4096, 20, 8.0500, 116, 0.00119, 0.00781, 1.71765, 1668, True, 0.65, 8.00
                   ccmppi, 4096, -1, -1.0000, -1, -1.00000, -1.00000, -1.00000, 1669, True, 0.65, 8.00
       mppi-same-injected, 4096, 20, 7.7444, 111, 0.00117, 0.00732, 0.99790, 1670, True, 0.65, 8.50
                   ccmppi, 4096, -1, -1.0000, -1, -1.00000, -1.00000, -1.00000, 1671, True, 0.65, 8.50
       mppi-same-injected, 4096, 20, 7.5640, 95, 0.00126, 0.00874, 1.31890, 1672, True, 0.65, 9.00
                   ccmppi, 4096, -1, -1.0000, -1, -1.00000, -1.00000, -1.00000, 1673, True, 0.65, 9.00
       mppi-same-injected, 4096, 20, 6.7257, 139, 0.00118, 0.01252, 0.87684, 1674, False, 0.65, 9.50
                   ccmppi, 4096, -1, -1.0000, -1, -1.00000, -1.00000, -1.00000, 1675, True, 0.65, 9.50
       mppi-same-injected, 4096, 20, 7.1717, 106, 0.00125, 0.01004, 1.20497, 1676, True, 0.65, 10.00
                   ccmppi, 4096, 20, 4.7400, 40, 0.00296, 0.01295, 0.22000, 1677, True, 0.65, 10.00
       mppi-same-injected, 4096, 20, 7.0067, 171, 0.00103, 0.01051, 0.51062, 1678, False, 0.70, 1.50
                   ccmppi, 4096, 20, 4.0905, 182, 0.00225, 0.04088, 0.30140, 1679, False, 0.70, 1.50
       mppi-same-injected, 4096, 20, 7.4250, 167, 0.00112, 0.00978, 1.69121, 1680, True, 0.70, 2.50
                   ccmppi, 4096, 20, 4.0800, 177, 0.00235, 0.04041, 0.42494, 1681, False, 0.70, 2.50
       mppi-same-injected, 4096, 20, 8.1073, 131, 0.00114, 0.00779, 1.93690, 1682, True, 0.70, 3.50
                   ccmppi, 4096, 20, 4.1181, 146, 0.00235, 0.03905, 0.46888, 1683, False, 0.70, 3.50
       mppi-same-injected, 4096, 20, 7.3973, 195, 0.00122, 0.00960, 1.61780, 1684, True, 0.70, 4.50
                   ccmppi, 4096, 20, 4.2295, 142, 0.00248, 0.04108, 0.55369, 1685, False, 0.70, 4.50
       mppi-same-injected, 4096, 20, 8.2787, 160, 0.00113, 0.00639, 1.56683, 1686, True, 0.70, 5.50
                   ccmppi, 4096, 20, 4.3210, 149, 0.00246, 0.04143, 0.48338, 1687, False, 0.70, 5.50
       mppi-same-injected, 4096, 20, 7.6373, 119, 0.00117, 0.00855, 1.59843, 1688, True, 0.70, 6.50
                   ccmppi, 4096, -1, -1.0000, -1, -1.00000, -1.00000, -1.00000, 1689, True, 0.70, 6.50
       mppi-same-injected, 4096, 20, 7.1714, 118, 0.00122, 0.01001, 1.24918, 1690, True, 0.70, 7.50
                   ccmppi, 4096, 20, 4.6314, 126, 0.00285, 0.03659, 1.24381, 1691, False, 0.70, 7.50
       mppi-same-injected, 4096, 20, 6.4743, 135, 0.00118, 0.01375, 0.35398, 1692, False, 0.70, 8.50
                   ccmppi, 4096, 20, 5.0133, 39, 0.00277, 0.00614, 2.83983, 1693, True, 0.70, 8.50
       mppi-same-injected, 4096, 20, 7.3021, 141, 0.00122, 0.01026, 1.56086, 1694, True, 0.70, 9.50
                   ccmppi, 4096, 20, 4.6000, 23, 0.00320, 0.01102, 0.00000, 1695, True, 0.70, 9.50
       mppi-same-injected, 4096, 20, 6.3343, 190, 0.00100, 0.01463, 0.33336, 1696, False, 0.75, 1.00
                   ccmppi, 4096, 20, 4.0971, 246, 0.00214, 0.04115, 0.25376, 1697, False, 0.75, 1.00
       mppi-same-injected, 4096, 20, 6.9019, 211, 0.00107, 0.01142, 0.80138, 1698, False, 0.75, 1.50
                   ccmppi, 4096, 20, 4.1848, 203, 0.00225, 0.03888, 0.31682, 1699, False, 0.75, 1.50
       mppi-same-injected, 4096, 20, 7.2562, 191, 0.00116, 0.01059, 1.50252, 1700, True, 0.75, 2.00
                   ccmppi, 4096, 20, 4.3562, 214, 0.00246, 0.03392, 0.95960, 1701, False, 0.75, 2.00
       mppi-same-injected, 4096, 20, 7.2747, 185, 0.00118, 0.01011, 1.26029, 1702, True, 0.75, 2.50
                   ccmppi, 4096, 20, 4.1524, 170, 0.00230, 0.03899, 0.27175, 1703, False, 0.75, 2.50
       mppi-same-injected, 4096, 20, 6.9029, 166, 0.00112, 0.01124, 0.59096, 1704, False, 0.75, 3.00
                   ccmppi, 4096, 20, 4.3181, 177, 0.00234, 0.03628, 0.47429, 1705, False, 0.75, 3.00
       mppi-same-injected, 4096, 20, 7.7576, 176, 0.00117, 0.00921, 1.95015, 1706, True, 0.75, 3.50
                   ccmppi, 4096, 20, 4.5267, 188, 0.00249, 0.04038, 1.07532, 1707, False, 0.75, 3.50
       mppi-same-injected, 4096, 20, 7.7785, 143, 0.00118, 0.00880, 2.04498, 1708, True, 0.75, 4.00
                   ccmppi, 4096, -1, -1.0000, -1, -1.00000, -1.00000, -1.00000, 1709, True, 0.75, 4.00
       mppi-same-injected, 4096, 20, 6.4886, 149, 0.00120, 0.01407, 0.42938, 1710, False, 0.75, 4.50
                   ccmppi, 4096, 20, 1.9200, 35, 0.00322, 0.00828, 0.00000, 1711, True, 0.75, 4.50
       mppi-same-injected, 4096, 20, 8.2262, 148, 0.00115, 0.00707, 2.03074, 1712, True, 0.75, 5.00
                   ccmppi, 4096, 20, 4.3762, 150, 0.00239, 0.03787, 0.50666, 1713, False, 0.75, 5.00
       mppi-same-injected, 4096, 20, 6.8171, 142, 0.00120, 0.01210, 0.72816, 1714, False, 0.75, 5.50
                   ccmppi, 4096, 20, 4.8800, 39, 0.00328, 0.01159, 0.00000, 1715, True, 0.75, 5.50
       mppi-same-injected, 4096, 20, 7.4656, 183, 0.00122, 0.01047, 2.17369, 1716, True, 0.75, 6.00
                   ccmppi, 4096, -1, -1.0000, -1, -1.00000, -1.00000, -1.00000, 1717, True, 0.75, 6.00
       mppi-same-injected, 4096, 20, 7.9600, 212, 0.00122, 0.00715, 1.49545, 1718, True, 0.75, 6.50
                   ccmppi, 4096, 20, 4.3124, 146, 0.00257, 0.04019, 0.73328, 1719, False, 0.75, 6.50
       mppi-same-injected, 4096, 20, 6.2238, 146, 0.00127, 0.01643, 0.23589, 1720, False, 0.75, 7.00
                   ccmppi, 4096, 20, 4.3019, 144, 0.00250, 0.03847, 0.68237, 1721, False, 0.75, 7.00
       mppi-same-injected, 4096, 20, 6.5943, 141, 0.00118, 0.01287, 0.24080, 1722, False, 0.75, 7.50
                   ccmppi, 4096, 20, 4.4514, 148, 0.00243, 0.03176, 0.75203, 1723, False, 0.75, 7.50
       mppi-same-injected, 4096, 20, 8.2691, 102, 0.00121, 0.00728, 1.88262, 1724, True, 0.75, 8.00
                   ccmppi, 4096, 20, 4.6210, 128, 0.00261, 0.03433, 0.94871, 1725, False, 0.75, 8.00
       mppi-same-injected, 4096, 20, 7.6422, 133, 0.00118, 0.00862, 1.60011, 1726, True, 0.75, 8.50
                   ccmppi, 4096, 20, 4.9960, 103, 0.00300, 0.02770, 1.49797, 1727, True, 0.75, 8.50
       mppi-same-injected, 4096, 20, 6.9619, 131, 0.00119, 0.01139, 0.71477, 1728, False, 0.75, 9.00
                   ccmppi, 4096, 20, 8.4150, 104, 0.00217, 0.00561, 4.09901, 1729, True, 0.75, 9.00
       mppi-same-injected, 4096, 20, 6.4467, 142, 0.00122, 0.01403, 0.32168, 1730, False, 0.75, 9.50
                   ccmppi, 4096, 20, 6.8700, 94, 0.00268, 0.01012, 1.27042, 1731, True, 0.75, 9.50
       mppi-same-injected, 4096, 20, 7.4857, 147, 0.00113, 0.00847, 0.90318, 1732, False, 0.75, 10.00
                   ccmppi, 4096, 20, 4.1648, 123, 0.00261, 0.03637, 0.53302, 1733, False, 0.75, 10.00
       mppi-same-injected, 4096, 20, 7.2857, 176, 0.00102, 0.00902, 0.56921, 1734, False, 0.80, 1.50
                   ccmppi, 4096, 20, 4.2648, 199, 0.00232, 0.03631, 0.41711, 1735, False, 0.80, 1.50
       mppi-same-injected, 4096, 20, 7.6260, 190, 0.00111, 0.00823, 1.29434, 1736, True, 0.80, 2.50
                   ccmppi, 4096, 20, 3.7500, 69, 0.00250, 0.03259, 1.03039, 1737, True, 0.80, 2.50
       mppi-same-injected, 4096, 20, 8.3600, 145, 0.00116, 0.00703, 1.92944, 1738, True, 0.80, 3.50
                   ccmppi, 4096, 20, 5.8000, 60, 0.00299, 0.01063, 1.39499, 1739, True, 0.80, 3.50
       mppi-same-injected, 4096, 20, 6.3848, 149, 0.00120, 0.01457, 0.25177, 1740, False, 0.80, 4.50
                   ccmppi, 4096, 20, 5.4700, 107, 0.00283, 0.01240, 0.99479, 1741, True, 0.80, 4.50
       mppi-same-injected, 4096, 20, 7.7938, 124, 0.00121, 0.00727, 1.11489, 1742, True, 0.80, 5.50
                   ccmppi, 4096, 20, 4.5867, 157, 0.00255, 0.03973, 1.04140, 1743, False, 0.80, 5.50
       mppi-same-injected, 4096, 20, 6.1295, 129, 0.00130, 0.01724, 0.21871, 1744, False, 0.80, 6.50
                   ccmppi, 4096, 20, 8.8200, 49, 0.00312, 0.01462, 3.62000, 1745, True, 0.80, 6.50
       mppi-same-injected, 4096, 20, 7.3000, 151, 0.00118, 0.01014, 1.18309, 1746, False, 0.80, 7.50
                   ccmppi, 4096, 20, 4.1122, 107, 0.00257, 0.03837, 0.85464, 1747, True, 0.80, 7.50
       mppi-same-injected, 4096, 20, 8.1725, 127, 0.00122, 0.00684, 1.65783, 1748, True, 0.80, 8.50
                   ccmppi, 4096, 20, 4.3714, 116, 0.00246, 0.03980, 0.31324, 1749, False, 0.80, 8.50
       mppi-same-injected, 4096, 20, 7.8463, 194, 0.00115, 0.00719, 1.40296, 1750, True, 0.80, 9.50
                   ccmppi, 4096, -1, -1.0000, -1, -1.00000, -1.00000, -1.00000, 1751, True, 0.80, 9.50
       mppi-same-injected, 4096, 20, 5.9133, 225, 0.00107, 0.01839, 0.18271, 1752, False, 0.85, 1.00
                   ccmppi, 4096, 20, 4.0552, 254, 0.00216, 0.04205, 0.14991, 1753, False, 0.85, 1.00
       mppi-same-injected, 4096, 20, 5.8190, 218, 0.00121, 0.02096, 0.19493, 1754, False, 0.85, 1.50
                   ccmppi, 4096, 20, 4.1038, 203, 0.00225, 0.04184, 0.21775, 1755, False, 0.85, 1.50
       mppi-same-injected, 4096, 20, 6.3124, 176, 0.00114, 0.01530, 0.32181, 1756, False, 0.85, 2.00
                   ccmppi, 4096, 20, 3.7000, 32, 0.00309, 0.01087, 0.00000, 1757, True, 0.85, 2.00
       mppi-same-injected, 4096, 20, 6.1448, 178, 0.00118, 0.01751, 0.45301, 1758, False, 0.85, 2.50
                   ccmppi, 4096, 20, 4.2610, 194, 0.00244, 0.04032, 0.62153, 1759, False, 0.85, 2.50
       mppi-same-injected, 4096, 20, 6.0886, 183, 0.00126, 0.01766, 0.19406, 1760, False, 0.85, 3.00
                   ccmppi, 4096, 20, 4.2924, 171, 0.00239, 0.03539, 0.75604, 1761, False, 0.85, 3.00
       mppi-same-injected, 4096, 20, 7.3048, 169, 0.00114, 0.01016, 1.18720, 1762, False, 0.85, 3.50
                   ccmppi, 4096, 20, 4.2924, 180, 0.00245, 0.03518, 0.36182, 1763, False, 0.85, 3.50
       mppi-same-injected, 4096, 20, 6.5467, 153, 0.00117, 0.01373, 0.53364, 1764, False, 0.85, 4.00
                   ccmppi, 4096, 20, 4.2667, 174, 0.00240, 0.04116, 0.35178, 1765, False, 0.85, 4.00
       mppi-same-injected, 4096, 20, 6.2552, 142, 0.00120, 0.01565, 0.30136, 1766, False, 0.85, 4.50
                   ccmppi, 4096, 20, 5.3350, 61, 0.00301, 0.01609, 0.89447, 1767, True, 0.85, 4.50
       mppi-same-injected, 4096, 20, 6.4105, 146, 0.00123, 0.01493, 0.53898, 1768, False, 0.85, 5.00
                   ccmppi, 4096, 20, 4.8933, 89, 0.00258, 0.01828, 1.62360, 1769, True, 0.85, 5.00
       mppi-same-injected, 4096, 20, 6.4495, 142, 0.00121, 0.01425, 0.50640, 1770, False, 0.85, 5.50
                   ccmppi, 4096, 20, 4.7000, 53, 0.00289, 0.01610, 0.27178, 1771, True, 0.85, 5.50
       mppi-same-injected, 4096, 20, 6.5619, 143, 0.00119, 0.01325, 0.36996, 1772, False, 0.85, 6.00
                   ccmppi, 4096, 20, 6.2533, 86, 0.00311, 0.01322, 1.98134, 1773, True, 0.85, 6.00
       mppi-same-injected, 4096, 20, 6.2771, 144, 0.00123, 0.01511, 0.16679, 1774, False, 0.85, 6.50
                   ccmppi, 4096, 20, 9.6850, 100, 0.00206, 0.00498, 1.56776, 1775, True, 0.85, 6.50
       mppi-same-injected, 4096, 20, 6.1029, 137, 0.00131, 0.01742, 0.21807, 1776, False, 0.85, 7.00
                   ccmppi, 4096, 20, 4.5552, 169, 0.00252, 0.03728, 0.91241, 1777, False, 0.85, 7.00
       mppi-same-injected, 4096, 20, 6.0352, 142, 0.00135, 0.01830, 0.16958, 1778, False, 0.85, 7.50
                   ccmppi, 4096, 20, 5.0200, 35, 0.00331, 0.01118, 0.00000, 1779, True, 0.85, 7.50
       mppi-same-injected, 4096, 20, 6.3495, 147, 0.00122, 0.01486, 0.27141, 1780, False, 0.85, 8.00
                   ccmppi, 4096, 20, 8.6000, 26, 0.00336, 0.01386, 0.00000, 1781, True, 0.85, 8.00
       mppi-same-injected, 4096, 20, 6.1105, 136, 0.00130, 0.01755, 0.25325, 1782, False, 0.85, 8.50
                   ccmppi, 4096, -1, -1.0000, -1, -1.00000, -1.00000, -1.00000, 1783, True, 0.85, 8.50
       mppi-same-injected, 4096, 20, 5.9086, 117, 0.00138, 0.02045, 0.20392, 1784, False, 0.85, 9.00
                   ccmppi, 4096, 20, 6.0057, 102, 0.00298, 0.01518, 2.38432, 1785, True, 0.85, 9.00
       mppi-same-injected, 4096, 20, 6.2552, 130, 0.00125, 0.01551, 0.15771, 1786, False, 0.85, 9.50
                   ccmppi, 4096, 20, 4.3305, 132, 0.00257, 0.04100, 0.63356, 1787, False, 0.85, 9.50
       mppi-same-injected, 4096, 20, 5.8476, 117, 0.00136, 0.02056, 0.28629, 1788, False, 0.85, 10.00
                   ccmppi, 4096, 20, 4.3495, 127, 0.00254, 0.03990, 0.58429, 1789, False, 0.85, 10.00
       mppi-same-injected, 4096, 20, 6.0210, 198, 0.00113, 0.01810, 0.25272, 1790, False, 0.90, 1.50
                   ccmppi, 4096, 20, 4.0495, 216, 0.00229, 0.03952, 0.32529, 1791, False, 0.90, 1.50
       mppi-same-injected, 4096, 20, 5.5152, 196, 0.00132, 0.02566, 0.26539, 1792, False, 0.90, 2.50
                   ccmppi, 4096, 20, 4.3181, 198, 0.00237, 0.03962, 0.37073, 1793, False, 0.90, 2.50
       mppi-same-injected, 4096, 20, 6.1876, 168, 0.00121, 0.01688, 0.39576, 1794, False, 0.90, 3.50
                   ccmppi, 4096, 20, 4.2238, 162, 0.00242, 0.04146, 0.55958, 1795, False, 0.90, 3.50
       mppi-same-injected, 4096, 20, 6.4419, 155, 0.00120, 0.01423, 0.37513, 1796, False, 0.90, 4.50
                   ccmppi, 4096, 20, 4.1813, 116, 0.00242, 0.03556, 0.99701, 1797, True, 0.90, 4.50
       mppi-same-injected, 4096, 20, 6.1324, 149, 0.00127, 0.01717, 0.27833, 1798, False, 0.90, 5.50
                   ccmppi, 4096, 20, 4.6900, 44, 0.00266, 0.01195, 1.83349, 1799, True, 0.90, 5.50
       mppi-same-injected, 4096, 20, 6.2429, 152, 0.00129, 0.01593, 0.24018, 1800, False, 0.90, 6.50
                   ccmppi, 4096, 20, 5.2848, 216, 0.00256, 0.02615, 2.01709, 1801, False, 0.90, 6.50
       mppi-same-injected, 4096, 20, 6.1248, 135, 0.00134, 0.01747, 0.16732, 1802, False, 0.90, 7.50
                   ccmppi, 4096, -1, -1.0000, -1, -1.00000, -1.00000, -1.00000, 1803, True, 0.90, 7.50
       mppi-same-injected, 4096, 20, 6.3676, 136, 0.00125, 0.01478, 0.33120, 1804, False, 0.90, 8.50
                   ccmppi, 4096, 20, 5.2260, 105, 0.00283, 0.01509, 0.95700, 1805, True, 0.90, 8.50
       mppi-same-injected, 4096, 20, 5.8705, 117, 0.00140, 0.02080, 0.28769, 1806, False, 0.90, 9.50
                   ccmppi, 4096, 20, 4.4600, 65, 0.00288, 0.01418, 1.79096, 1807, True, 0.90, 9.50
       mppi-same-injected, 4096, 20, 4.7733, 128, 0.00109, 0.03601, 0.60191, 1808, False, 0.95, 1.00
                   ccmppi, 4096, 20, 4.0676, 217, 0.00216, 0.04149, 0.20232, 1809, False, 0.95, 1.00
       mppi-same-injected, 4096, 20, 5.5371, 218, 0.00121, 0.02476, 0.18354, 1810, False, 0.95, 1.50
                   ccmppi, 4096, 20, 4.0362, 195, 0.00225, 0.04180, 0.15126, 1811, False, 0.95, 1.50
       mppi-same-injected, 4096, 20, 5.6781, 193, 0.00125, 0.02254, 0.30015, 1812, False, 0.95, 2.00
                   ccmppi, 4096, 20, 3.8764, 117, 0.00242, 0.04032, 0.73186, 1813, True, 0.95, 2.00
       mppi-same-injected, 4096, 20, 5.6600, 187, 0.00132, 0.02330, 0.32355, 1814, False, 0.95, 2.50
                   ccmppi, 4096, -1, -1.0000, -1, -1.00000, -1.00000, -1.00000, 1815, True, 0.95, 2.50
       mppi-same-injected, 4096, 20, 5.8800, 170, 0.00125, 0.01974, 0.29697, 1816, False, 0.95, 3.00
                   ccmppi, 4096, 20, 1.0200, 13, 0.00311, 0.00470, 0.00000, 1817, True, 0.95, 3.00
       mppi-same-injected, 4096, 20, 5.4067, 153, 0.00134, 0.02710, 0.19216, 1818, False, 0.95, 3.50
                   ccmppi, 4096, 20, 6.2467, 45, 0.00245, 0.01085, 4.29699, 1819, True, 0.95, 3.50
       mppi-same-injected, 4096, 20, 5.7781, 159, 0.00130, 0.02165, 0.21760, 1820, False, 0.95, 4.00
                   ccmppi, 4096, 20, 4.6733, 83, 0.00324, 0.01876, 0.37712, 1821, True, 0.95, 4.00
       mppi-same-injected, 4096, 20, 6.5314, 153, 0.00119, 0.01355, 0.41544, 1822, False, 0.95, 4.50
                   ccmppi, 4096, 20, 4.3124, 160, 0.00253, 0.04023, 0.74773, 1823, False, 0.95, 4.50
       mppi-same-injected, 4096, 20, 5.9000, 142, 0.00132, 0.01979, 0.23454, 1824, False, 0.95, 5.00
                   ccmppi, 4096, 20, 3.9750, 48, 0.00291, 0.01489, 1.41615, 1825, True, 0.95, 5.00
       mppi-same-injected, 4096, 20, 4.9610, 112, 0.00139, 0.03401, 0.41171, 1826, False, 0.95, 5.50
                   ccmppi, 4096, 20, 4.1810, 136, 0.00241, 0.04040, 0.39692, 1827, False, 0.95, 5.50
       mppi-same-injected, 4096, 20, 5.8962, 127, 0.00131, 0.01909, 0.24632, 1828, False, 0.95, 6.00
                   ccmppi, 4096, 20, 4.6143, 162, 0.00253, 0.03702, 0.74484, 1829, False, 0.95, 6.00
       mppi-same-injected, 4096, 20, 4.4876, 102, 0.00142, 0.04578, 0.50319, 1830, False, 0.95, 6.50
                   ccmppi, 4096, 20, 1.4800, 31, 0.00310, 0.00974, 0.00000, 1831, True, 0.95, 6.50
       mppi-same-injected, 4096, 20, 5.8962, 132, 0.00133, 0.01913, 0.17267, 1832, False, 0.95, 7.00
                   ccmppi, 4096, 20, 4.7352, 188, 0.00270, 0.03723, 1.04080, 1833, False, 0.95, 7.00
       mppi-same-injected, 4096, 20, 6.0229, 132, 0.00130, 0.01818, 0.33388, 1834, False, 0.95, 7.50
                   ccmppi, 4096, 20, 4.4371, 158, 0.00253, 0.03948, 0.48913, 1835, False, 0.95, 7.50
       mppi-same-injected, 4096, 20, 5.2581, 107, 0.00140, 0.02928, 0.32029, 1836, False, 0.95, 8.00
                   ccmppi, 4096, 20, 4.2533, 143, 0.00254, 0.04097, 0.54031, 1837, False, 0.95, 8.00
       mppi-same-injected, 4096, 20, 5.2657, 114, 0.00140, 0.02914, 0.32415, 1838, False, 0.95, 8.50
                   ccmppi, 4096, -1, -1.0000, -1, -1.00000, -1.00000, -1.00000, 1839, True, 0.95, 8.50
       mppi-same-injected, 4096, 20, 5.1676, 106, 0.00140, 0.03043, 0.31146, 1840, False, 0.95, 9.00
                   ccmppi, 4096, -1, -1.0000, -1, -1.00000, -1.00000, -1.00000, 1841, True, 0.95, 9.00
       mppi-same-injected, 4096, 20, 5.9171, 130, 0.00135, 0.01937, 0.21649, 1842, False, 0.95, 9.50
                   ccmppi, 4096, 20, 8.2200, 56, 0.00234, 0.00352, 0.00000, 1843, True, 0.95, 9.50
       mppi-same-injected, 4096, 20, 5.9419, 132, 0.00138, 0.01929, 0.19202, 1844, False, 0.95, 10.00
                   ccmppi, 4096, 20, 4.5600, 38, 0.00297, 0.01522, 0.26000, 1845, True, 0.95, 10.00
       mppi-same-injected, 4096, 20, 4.6333, 163, 0.00124, 0.04104, 0.54344, 1846, False, 1.00, 1.50
                   ccmppi, 4096, 20, 4.0714, 170, 0.00224, 0.04067, 0.23997, 1847, False, 1.00, 1.50
       mppi-same-injected, 4096, 20, 5.2457, 174, 0.00129, 0.02873, 0.29972, 1848, False, 1.00, 2.50
                   ccmppi, 4096, 20, 4.0657, 169, 0.00233, 0.03942, 0.36212, 1849, False, 1.00, 2.50
       mppi-same-injected, 4096, 20, 5.2229, 151, 0.00134, 0.02927, 0.45083, 1850, False, 1.00, 3.50
                   ccmppi, 4096, 20, 4.1467, 36, 0.00311, 0.01339, 2.03400, 1851, True, 1.00, 3.50
       mppi-same-injected, 4096, 20, 5.3276, 122, 0.00136, 0.02802, 0.32814, 1852, False, 1.00, 4.50
                   ccmppi, 4096, 20, 5.2400, 44, 0.00277, 0.01292, 0.00000, 1853, True, 1.00, 4.50
       mppi-same-injected, 4096, 20, 4.9543, 114, 0.00140, 0.03464, 0.39493, 1854, False, 1.00, 5.50
                   ccmppi, 4096, 20, 4.6100, 75, 0.00275, 0.01736, 1.61562, 1855, True, 1.00, 5.50
       mppi-same-injected, 4096, 20, 5.9095, 138, 0.00137, 0.01940, 0.18222, 1856, False, 1.00, 6.50
                   ccmppi, 4096, 20, 4.2000, 35, 0.00317, 0.01710, 1.97094, 1857, True, 1.00, 6.50
       mppi-same-injected, 4096, 20, 5.8048, 126, 0.00136, 0.02112, 0.22322, 1858, False, 1.00, 7.50
                   ccmppi, 4096, 20, 5.3448, 210, 0.00261, 0.03060, 1.77758, 1859, False, 1.00, 7.50
       mppi-same-injected, 4096, 20, 5.2381, 100, 0.00144, 0.03176, 0.75950, 1860, False, 1.00, 8.50
                   ccmppi, 4096, 20, 4.1990, 100, 0.00233, 0.03947, 0.27516, 1861, False, 1.00, 8.50
       mppi-same-injected, 4096, 20, 5.4429, 111, 0.00139, 0.02627, 0.35741, 1862, False, 1.00, 9.50
                   ccmppi, 4096, 20, 7.1000, 24, 0.00314, 0.00818, 0.00000, 1863, True, 1.00, 9.50
