       mppi-same-injected, 4096, 20, 5.3010, 210, 0.00114, 0.02650, 0.20807, 467, False, 1.00, 1.00
                   ccmppi, 4096, 20, 4.6924, 189, 0.00184, 0.02783, 0.27620, 468, False, 1.00, 1.00
       mppi-same-injected, 4096, 20, 5.2848, 191, 0.00128, 0.02837, 0.37685, 469, False, 1.00, 2.00
                   ccmppi, 4096, 20, 4.6981, 145, 0.00189, 0.02479, 0.36572, 470, False, 1.00, 2.00
       mppi-same-injected, 4096, 20, 6.1914, 179, 0.00120, 0.01633, 0.41850, 471, False, 1.00, 3.00
                   ccmppi, 4096, 20, 4.5905, 99, 0.00196, 0.02801, 0.26278, 472, False, 1.00, 3.00
       mppi-same-injected, 4096, 20, 6.0886, 156, 0.00128, 0.01732, 0.24414, 473, False, 1.00, 4.00
                   ccmppi, 4096, 20, 4.7133, 106, 0.00197, 0.02552, 0.35587, 474, False, 1.00, 4.00
       mppi-same-injected, 4096, 20, 5.6248, 132, 0.00134, 0.02361, 0.27650, 475, False, 1.00, 5.00
                   ccmppi, 4096, 20, 4.6371, 101, 0.00196, 0.02732, 0.26941, 476, False, 1.00, 5.00
       mppi-same-injected, 4096, 20, 6.1952, 135, 0.00125, 0.01612, 0.26647, 477, False, 1.00, 6.00
                   ccmppi, 4096, 20, 4.7619, 118, 0.00202, 0.02532, 0.52223, 478, False, 1.00, 6.00
       mppi-same-injected, 4096, 20, 6.0295, 136, 0.00132, 0.01757, 0.15214, 479, False, 1.00, 7.00
                   ccmppi, 4096, 20, 4.6371, 106, 0.00207, 0.02764, 0.39691, 480, False, 1.00, 7.00
       mppi-same-injected, 4096, 20, 5.2057, 116, 0.00140, 0.02987, 0.54347, 481, False, 1.00, 8.00
                   ccmppi, 4096, 20, 4.5505, 92, 0.00205, 0.02812, 0.26314, 482, False, 1.00, 8.00
       mppi-same-injected, 4096, 20, 5.6105, 106, 0.00137, 0.02390, 0.28228, 483, False, 1.00, 9.00
                   ccmppi, 4096, 20, 4.8057, 119, 0.00207, 0.02536, 0.50098, 484, False, 1.00, 9.00
       mppi-same-injected, 4096, 20, 5.7733, 114, 0.00140, 0.02135, 0.22764, 485, False, 1.00, 10.00
                   ccmppi, 4096, 20, 4.5981, 86, 0.00206, 0.02808, 0.33105, 486, False, 1.00, 10.00
       mppi-same-injected, 4096, 20, 5.0505, 113, 0.00142, 0.03285, 0.57253, 487, False, 1.00, 11.00
                   ccmppi, 4096, 20, 4.7495, 95, 0.00207, 0.02609, 0.48413, 488, False, 1.00, 11.00
       mppi-same-injected, 4096, 20, 5.5533, 104, 0.00137, 0.02451, 0.22989, 489, False, 1.00, 12.00
                   ccmppi, 4096, 20, 4.8171, 114, 0.00206, 0.02422, 0.58857, 490, False, 1.00, 12.00
       mppi-same-injected, 4096, 20, 5.9057, 123, 0.00137, 0.01950, 0.20077, 491, False, 1.00, 13.00
                   ccmppi, 4096, 20, 4.8200, 102, 0.00203, 0.02472, 0.43870, 492, False, 1.00, 13.00
       mppi-same-injected, 4096, 20, 5.8419, 121, 0.00138, 0.02047, 0.22432, 493, False, 1.00, 14.00
                   ccmppi, 4096, 20, 4.6971, 95, 0.00206, 0.02718, 0.46465, 494, False, 1.00, 14.00
       mppi-same-injected, 4096, 20, 5.4400, 108, 0.00139, 0.02625, 0.57151, 495, False, 1.00, 15.00
                   ccmppi, 4096, 20, 4.5848, 89, 0.00207, 0.02837, 0.24672, 496, False, 1.00, 15.00
       mppi-same-injected, 4096, 20, 5.9371, 118, 0.00136, 0.01882, 0.15788, 497, False, 1.00, 16.00
                   ccmppi, 4096, 20, 4.7152, 91, 0.00202, 0.02560, 0.49450, 498, False, 1.00, 16.00
       mppi-same-injected, 4096, 20, 4.9638, 92, 0.00142, 0.03470, 0.52447, 499, False, 1.00, 17.00
                   ccmppi, 4096, 20, 4.9619, 112, 0.00212, 0.02370, 0.57407, 500, False, 1.00, 17.00
       mppi-same-injected, 4096, 20, 5.9048, 121, 0.00136, 0.02001, 0.25048, 501, False, 1.00, 18.00
                   ccmppi, 4096, 20, 4.6505, 67, 0.00206, 0.02751, 0.37216, 502, False, 1.00, 18.00
       mppi-same-injected, 4096, 20, 6.5495, 130, 0.00124, 0.01364, 0.54705, 503, False, 1.00, 19.00
                   ccmppi, 4096, 20, 4.8476, 99, 0.00209, 0.02456, 0.54561, 504, False, 1.00, 19.00
       mppi-same-injected, 4096, 20, 5.5943, 99, 0.00139, 0.02439, 0.35874, 505, False, 1.00, 20.00
                   ccmppi, 4096, 20, 4.6514, 76, 0.00208, 0.02671, 0.40093, 506, False, 1.00, 20.00
       mppi-same-injected, 4096, 20, 3.7467, 111, 0.00123, 0.06876, 0.22478, 507, False, 2.00, 1.00
                   ccmppi, 4096, 20, 4.5267, 205, 0.00186, 0.02746, 0.34016, 508, False, 2.00, 1.00
       mppi-same-injected, 4096, 20, 3.9429, 109, 0.00148, 0.06697, 0.24975, 509, False, 2.00, 2.00
                   ccmppi, 4096, 20, 4.4514, 140, 0.00197, 0.02699, 0.36272, 510, False, 2.00, 2.00
       mppi-same-injected, 4096, 20, 3.9543, 86, 0.00158, 0.06597, 0.27375, 511, False, 2.00, 3.00
                   ccmppi, 4096, 20, 4.5362, 120, 0.00199, 0.02591, 0.51391, 512, False, 2.00, 3.00
       mppi-same-injected, 4096, 20, 3.9410, 96, 0.00154, 0.06552, 0.30814, 513, False, 2.00, 4.00
                   ccmppi, 4096, 20, 4.5000, 120, 0.00204, 0.02676, 0.38880, 514, False, 2.00, 4.00
       mppi-same-injected, 4096, 20, 3.8790, 95, 0.00160, 0.06613, 0.31366, 515, False, 2.00, 5.00
                   ccmppi, 4096, 20, 4.5914, 123, 0.00204, 0.02476, 0.44928, 516, False, 2.00, 5.00
       mppi-same-injected, 4096, 20, 3.9619, 82, 0.00161, 0.06500, 0.26797, 517, False, 2.00, 6.00
                   ccmppi, 4096, 20, 4.5238, 95, 0.00205, 0.02537, 0.34940, 518, False, 2.00, 6.00
       mppi-same-injected, 4096, 20, 3.9248, 82, 0.00161, 0.06660, 0.26417, 519, False, 2.00, 7.00
                   ccmppi, 4096, 20, 4.4019, 93, 0.00209, 0.02863, 0.23315, 520, False, 2.00, 7.00
       mppi-same-injected, 4096, 20, 3.8600, 79, 0.00161, 0.06662, 0.23397, 521, False, 2.00, 8.00
                   ccmppi, 4096, 20, 4.4848, 108, 0.00207, 0.02684, 0.29984, 522, False, 2.00, 8.00
       mppi-same-injected, 4096, 20, 3.8543, 87, 0.00158, 0.06684, 0.27046, 523, False, 2.00, 9.00
                   ccmppi, 4096, 20, 4.6714, 104, 0.00215, 0.02776, 0.73359, 524, False, 2.00, 9.00
       mppi-same-injected, 4096, 20, 3.8971, 77, 0.00159, 0.06678, 0.30583, 525, False, 2.00, 10.00
                   ccmppi, 4096, 20, 4.6486, 104, 0.00210, 0.02471, 0.37536, 526, False, 2.00, 10.00
       mppi-same-injected, 4096, 20, 3.9267, 77, 0.00162, 0.06571, 0.29757, 527, False, 2.00, 11.00
                   ccmppi, 4096, 20, 4.4248, 82, 0.00208, 0.02686, 0.47976, 528, False, 2.00, 11.00
       mppi-same-injected, 4096, 20, 3.8657, 84, 0.00160, 0.06677, 0.26883, 529, False, 2.00, 12.00
                   ccmppi, 4096, 20, 4.5495, 99, 0.00206, 0.02504, 0.50651, 530, False, 2.00, 12.00
       mppi-same-injected, 4096, 20, 3.8648, 74, 0.00159, 0.06794, 0.20498, 531, False, 2.00, 13.00
                   ccmppi, 4096, 20, 4.5162, 76, 0.00213, 0.02897, 0.34451, 532, False, 2.00, 13.00
       mppi-same-injected, 4096, 20, 3.8914, 87, 0.00168, 0.06847, 0.31183, 533, False, 2.00, 14.00
                   ccmppi, 4096, 20, 4.4924, 91, 0.00212, 0.02752, 0.29770, 534, False, 2.00, 14.00
       mppi-same-injected, 4096, 20, 3.8486, 76, 0.00165, 0.06919, 0.18838, 535, False, 2.00, 15.00
                   ccmppi, 4096, 20, 4.4629, 77, 0.00213, 0.02721, 0.35874, 536, False, 2.00, 15.00
       mppi-same-injected, 4096, 20, 3.8543, 82, 0.00165, 0.06841, 0.19607, 537, False, 2.00, 16.00
                   ccmppi, 4096, 20, 4.4590, 89, 0.00210, 0.02784, 0.19919, 538, False, 2.00, 16.00
       mppi-same-injected, 4096, 20, 4.0048, 75, 0.00160, 0.06288, 0.41797, 539, False, 2.00, 17.00
                   ccmppi, 4096, 20, 4.5229, 101, 0.00214, 0.02732, 0.34444, 540, False, 2.00, 17.00
       mppi-same-injected, 4096, 20, 3.9333, 85, 0.00162, 0.06390, 0.26521, 541, False, 2.00, 18.00
                   ccmppi, 4096, 20, 4.7895, 126, 0.00211, 0.02234, 0.55524, 542, False, 2.00, 18.00
       mppi-same-injected, 4096, 20, 3.9419, 82, 0.00165, 0.06607, 0.40289, 543, False, 2.00, 19.00
                   ccmppi, 4096, 20, 4.5571, 94, 0.00214, 0.02658, 0.36323, 544, False, 2.00, 19.00
       mppi-same-injected, 4096, 20, 3.8905, 83, 0.00163, 0.06686, 0.25084, 545, False, 2.00, 20.00
                   ccmppi, 4096, 20, 4.5648, 92, 0.00211, 0.02520, 0.48103, 546, False, 2.00, 20.00
       mppi-same-injected, 4096, 20, 3.6162, 108, 0.00136, 0.07205, 0.09534, 547, False, 3.00, 1.00
                   ccmppi, 4096, 20, 4.3524, 212, 0.00192, 0.02803, 0.29949, 548, False, 3.00, 1.00
       mppi-same-injected, 4096, 20, 3.7876, 113, 0.00163, 0.07158, 0.11751, 549, False, 3.00, 2.00
                   ccmppi, 4096, 20, 4.2562, 138, 0.00205, 0.02932, 0.17034, 550, False, 3.00, 2.00
       mppi-same-injected, 4096, 20, 3.7952, 95, 0.00170, 0.07013, 0.12511, 551, False, 3.00, 3.00
                   ccmppi, 4096, 20, 4.2790, 137, 0.00206, 0.02761, 0.27034, 552, False, 3.00, 3.00
       mppi-same-injected, 4096, 20, 3.7695, 89, 0.00168, 0.07038, 0.14002, 553, False, 3.00, 4.00
                   ccmppi, 4096, 20, 4.2962, 122, 0.00208, 0.02853, 0.22070, 554, False, 3.00, 4.00
                   ccmppi, 4096, 20, 4.2876, 118, 0.00212, 0.02881, 0.23090, 555, False, 3.00, 4.00
       mppi-same-injected, 4096, 20, 3.8371, 78, 0.00171, 0.06831, 0.22588, 556, False, 3.00, 5.00
                   ccmppi, 4096, 20, 4.3905, 104, 0.00211, 0.02623, 0.40307, 557, False, 3.00, 5.00
       mppi-same-injected, 4096, 20, 3.7657, 82, 0.00169, 0.07079, 0.11843, 558, False, 3.00, 6.00
                   ccmppi, 4096, 20, 4.3752, 97, 0.00210, 0.02636, 0.36158, 559, False, 3.00, 6.00
       mppi-same-injected, 4096, 20, 3.7971, 85, 0.00175, 0.07014, 0.15593, 560, False, 3.00, 7.00
                   ccmppi, 4096, 20, 4.3143, 111, 0.00217, 0.02748, 0.29966, 561, False, 3.00, 7.00
       mppi-same-injected, 4096, 20, 3.7752, 77, 0.00171, 0.07007, 0.12989, 562, False, 3.00, 8.00
                   ccmppi, 4096, 20, 4.3876, 90, 0.00215, 0.02734, 0.34737, 563, False, 3.00, 8.00
       mppi-same-injected, 4096, 20, 3.8038, 77, 0.00173, 0.06977, 0.13531, 564, False, 3.00, 9.00
                   ccmppi, 4096, 20, 4.3552, 107, 0.00213, 0.02666, 0.36924, 565, False, 3.00, 9.00
       mppi-same-injected, 4096, 20, 3.7676, 81, 0.00170, 0.06997, 0.16160, 566, False, 3.00, 10.00
                   ccmppi, 4096, 20, 4.4076, 101, 0.00214, 0.02571, 0.44510, 567, False, 3.00, 10.00
       mppi-same-injected, 4096, 20, 3.7876, 74, 0.00171, 0.06971, 0.16324, 568, False, 3.00, 11.00
                   ccmppi, 4096, 20, 4.2943, 97, 0.00218, 0.02819, 0.21320, 569, False, 3.00, 11.00
       mppi-same-injected, 4096, 20, 3.7933, 83, 0.00174, 0.06947, 0.15072, 570, False, 3.00, 12.00
                   ccmppi, 4096, 20, 4.4810, 96, 0.00216, 0.02647, 0.52516, 571, False, 3.00, 12.00
       mppi-same-injected, 4096, 20, 3.7762, 82, 0.00173, 0.06985, 0.15573, 572, False, 3.00, 13.00
                   ccmppi, 4096, 20, 4.3533, 100, 0.00222, 0.02821, 0.22128, 573, False, 3.00, 13.00
       mppi-same-injected, 4096, 20, 3.7819, 79, 0.00172, 0.07077, 0.09718, 574, False, 3.00, 14.00
                   ccmppi, 4096, 20, 4.3619, 94, 0.00216, 0.02750, 0.31838, 575, False, 3.00, 14.00
       mppi-same-injected, 4096, 20, 3.7990, 83, 0.00172, 0.06945, 0.18053, 576, False, 3.00, 15.00
                   ccmppi, 4096, 20, 4.4057, 87, 0.00223, 0.02698, 0.37453, 577, False, 3.00, 15.00
       mppi-same-injected, 4096, 20, 3.8048, 70, 0.00178, 0.07065, 0.22869, 578, False, 3.00, 16.00
                   ccmppi, 4096, 20, 4.5171, 105, 0.00225, 0.02543, 0.45575, 579, False, 3.00, 16.00
       mppi-same-injected, 4096, 20, 3.7743, 77, 0.00172, 0.06948, 0.13595, 580, False, 3.00, 17.00
                   ccmppi, 4096, 20, 4.3762, 83, 0.00217, 0.02688, 0.20964, 581, False, 3.00, 17.00
       mppi-same-injected, 4096, 20, 3.8067, 80, 0.00173, 0.06977, 0.12579, 582, False, 3.00, 18.00
                   ccmppi, 4096, 20, 4.4400, 92, 0.00221, 0.02636, 0.47006, 583, False, 3.00, 18.00
       mppi-same-injected, 4096, 20, 3.7762, 69, 0.00175, 0.07078, 0.13418, 584, False, 3.00, 19.00
                   ccmppi, 4096, 20, 4.6086, 101, 0.00230, 0.02461, 0.78100, 585, False, 3.00, 19.00
       mppi-same-injected, 4096, 20, 3.7724, 72, 0.00174, 0.07045, 0.12895, 586, False, 3.00, 20.00
                   ccmppi, 4096, 20, 4.3914, 104, 0.00217, 0.02680, 0.36969, 587, False, 3.00, 20.00
       mppi-same-injected, 4096, 20, 3.5400, 102, 0.00145, 0.07170, 0.09661, 588, False, 4.00, 1.00
                   ccmppi, 4096, 20, 4.0886, 186, 0.00200, 0.02832, 0.31403, 589, False, 4.00, 1.00
       mppi-same-injected, 4096, 20, 3.7038, 107, 0.00172, 0.07158, 0.08915, 590, False, 4.00, 2.00
                   ccmppi, 4096, 20, 4.2495, 142, 0.00210, 0.02809, 0.35071, 591, False, 4.00, 2.00
       mppi-same-injected, 4096, 20, 3.7257, 90, 0.00178, 0.07135, 0.08862, 592, False, 4.00, 3.00
                   ccmppi, 4096, 20, 4.2419, 126, 0.00217, 0.02779, 0.31002, 593, False, 4.00, 3.00
       mppi-same-injected, 4096, 20, 3.7371, 88, 0.00179, 0.07028, 0.12743, 594, False, 4.00, 4.00
                   ccmppi, 4096, 20, 4.2305, 111, 0.00223, 0.02894, 0.23925, 595, False, 4.00, 4.00
       mppi-same-injected, 4096, 20, 3.7114, 86, 0.00183, 0.07101, 0.08632, 596, False, 4.00, 5.00
                   ccmppi, 4096, 20, 4.1295, 109, 0.00223, 0.02895, 0.20909, 597, False, 4.00, 5.00
       mppi-same-injected, 4096, 20, 3.7514, 79, 0.00186, 0.07071, 0.08037, 598, False, 4.00, 6.00
                   ccmppi, 4096, 20, 4.3114, 105, 0.00225, 0.02756, 0.39141, 599, False, 4.00, 6.00
       mppi-same-injected, 4096, 20, 3.7114, 88, 0.00181, 0.07134, 0.07160, 600, False, 4.00, 7.00
                   ccmppi, 4096, 20, 4.2867, 97, 0.00224, 0.02751, 0.31552, 601, False, 4.00, 7.00
       mppi-same-injected, 4096, 20, 3.6886, 84, 0.00182, 0.07148, 0.06971, 602, False, 4.00, 8.00
                   ccmppi, 4096, 20, 4.2952, 86, 0.00224, 0.02746, 0.33260, 603, False, 4.00, 8.00
       mppi-same-injected, 4096, 20, 3.7000, 82, 0.00186, 0.07105, 0.07928, 604, False, 4.00, 9.00
                   ccmppi, 4096, 20, 4.3067, 100, 0.00222, 0.02637, 0.44719, 605, False, 4.00, 9.00
       mppi-same-injected, 4096, 20, 3.7514, 73, 0.00188, 0.07116, 0.06490, 606, False, 4.00, 10.00
                   ccmppi, 4096, 20, 4.2733, 99, 0.00223, 0.02756, 0.26842, 607, False, 4.00, 10.00
       mppi-same-injected, 4096, 20, 3.7295, 72, 0.00187, 0.07077, 0.08386, 608, False, 4.00, 11.00
                   ccmppi, 4096, 20, 4.5400, 113, 0.00223, 0.02412, 0.50506, 609, False, 4.00, 11.00
       mppi-same-injected, 4096, 20, 3.7314, 78, 0.00186, 0.07121, 0.07498, 610, False, 4.00, 12.00
                   ccmppi, 4096, 20, 4.2552, 82, 0.00226, 0.02839, 0.34058, 611, False, 4.00, 12.00
       mppi-same-injected, 4096, 20, 3.7533, 77, 0.00193, 0.06978, 0.09078, 612, False, 4.00, 13.00
                   ccmppi, 4096, 20, 4.3400, 83, 0.00234, 0.02874, 0.35451, 613, False, 4.00, 13.00
       mppi-same-injected, 4096, 20, 3.7257, 83, 0.00185, 0.07082, 0.08990, 614, False, 4.00, 14.00
                   ccmppi, 4096, 20, 4.3743, 109, 0.00227, 0.02561, 0.51968, 615, False, 4.00, 14.00
       mppi-same-injected, 4096, 20, 3.7276, 82, 0.00184, 0.07098, 0.08869, 616, False, 4.00, 15.00
                   ccmppi, 4096, 20, 4.2619, 94, 0.00225, 0.02726, 0.33924, 617, False, 4.00, 15.00
       mppi-same-injected, 4096, 20, 3.6952, 81, 0.00187, 0.07144, 0.07805, 618, False, 4.00, 16.00
                   ccmppi, 4096, 20, 4.2990, 99, 0.00217, 0.02558, 0.54631, 619, False, 4.00, 16.00
       mppi-same-injected, 4096, 20, 3.7286, 82, 0.00187, 0.07074, 0.06833, 620, False, 4.00, 17.00
                   ccmppi, 4096, 20, 4.3533, 105, 0.00229, 0.02701, 0.39652, 621, False, 4.00, 17.00
       mppi-same-injected, 4096, 20, 3.7038, 82, 0.00186, 0.07012, 0.08807, 622, False, 4.00, 18.00
                   ccmppi, 4096, 20, 4.3038, 75, 0.00231, 0.02734, 0.30529, 623, False, 4.00, 18.00
       mppi-same-injected, 4096, 20, 3.7124, 76, 0.00188, 0.06996, 0.10519, 624, False, 4.00, 19.00
                   ccmppi, 4096, 20, 8.1500, 42, 0.00296, 0.00708, 7.56347, 625, True, 4.00, 19.00
       mppi-same-injected, 4096, 20, 3.7267, 76, 0.00190, 0.07087, 0.06799, 626, False, 4.00, 20.00
                   ccmppi, 4096, 20, 4.3552, 89, 0.00230, 0.02726, 0.45686, 627, False, 4.00, 20.00
       mppi-same-injected, 4096, 20, 3.5305, 102, 0.00155, 0.07201, 0.04726, 628, False, 5.00, 1.00
                   ccmppi, 4096, 20, 3.9686, 210, 0.00200, 0.02698, 0.27586, 629, False, 5.00, 1.00
       mppi-same-injected, 4096, 20, 3.6324, 93, 0.00178, 0.07136, 0.10805, 630, False, 5.00, 2.00
                   ccmppi, 4096, 20, 4.1781, 146, 0.00219, 0.02685, 0.32337, 631, False, 5.00, 2.00
       mppi-same-injected, 4096, 20, 3.6819, 95, 0.00188, 0.07084, 0.09560, 632, False, 5.00, 3.00
                   ccmppi, 4096, 20, 4.1429, 139, 0.00223, 0.02772, 0.22655, 633, False, 5.00, 3.00
       mppi-same-injected, 4096, 20, 3.7038, 85, 0.00189, 0.07121, 0.06035, 634, False, 5.00, 4.00
                   ccmppi, 4096, 20, 4.1276, 132, 0.00224, 0.02744, 0.26146, 635, False, 5.00, 4.00
       mppi-same-injected, 4096, 20, 3.6933, 82, 0.00189, 0.07103, 0.07791, 636, False, 5.00, 5.00
                   ccmppi, 4096, 20, 4.1629, 113, 0.00222, 0.02641, 0.35656, 637, False, 5.00, 5.00
       mppi-same-injected, 4096, 20, 3.6838, 84, 0.00194, 0.07101, 0.08432, 638, False, 5.00, 6.00
                   ccmppi, 4096, 20, 4.2210, 110, 0.00231, 0.02704, 0.37612, 639, False, 5.00, 6.00
       mppi-same-injected, 4096, 20, 3.6981, 86, 0.00201, 0.07070, 0.07404, 640, False, 5.00, 7.00
                   ccmppi, 4096, 20, 4.2238, 107, 0.00229, 0.02683, 0.33601, 641, False, 5.00, 7.00
       mppi-same-injected, 4096, 20, 3.6981, 83, 0.00198, 0.07095, 0.05377, 642, False, 5.00, 8.00
                   ccmppi, 4096, 20, 4.2657, 121, 0.00229, 0.02634, 0.38836, 643, False, 5.00, 8.00
       mppi-same-injected, 4096, 20, 3.6943, 81, 0.00197, 0.07080, 0.05628, 644, False, 5.00, 9.00
                   ccmppi, 4096, 20, 4.1743, 92, 0.00232, 0.02792, 0.22083, 645, False, 5.00, 9.00
       mppi-same-injected, 4096, 20, 3.7076, 81, 0.00199, 0.07044, 0.08847, 646, False, 5.00, 10.00
                   ccmppi, 4096, 20, 4.1276, 99, 0.00231, 0.02765, 0.20024, 647, False, 5.00, 10.00
       mppi-same-injected, 4096, 20, 3.7095, 79, 0.00197, 0.07102, 0.05972, 648, False, 5.00, 11.00
                   ccmppi, 4096, 20, 4.2619, 114, 0.00231, 0.02724, 0.37776, 649, False, 5.00, 11.00
       mppi-same-injected, 4096, 20, 3.6838, 82, 0.00195, 0.07093, 0.08610, 650, False, 5.00, 12.00
                   ccmppi, 4096, 20, 4.2438, 102, 0.00232, 0.02682, 0.40566, 651, False, 5.00, 12.00
       mppi-same-injected, 4096, 20, 3.7048, 85, 0.00196, 0.07116, 0.06702, 652, False, 5.00, 13.00
                   ccmppi, 4096, 20, 4.2105, 88, 0.00235, 0.02705, 0.38735, 653, False, 5.00, 13.00
       mppi-same-injected, 4096, 20, 3.7419, 74, 0.00204, 0.07137, 0.22099, 654, False, 5.00, 14.00
                   ccmppi, 4096, 20, 4.3552, 90, 0.00231, 0.02519, 0.46249, 655, False, 5.00, 14.00
       mppi-same-injected, 4096, 20, 3.7048, 88, 0.00200, 0.07034, 0.09153, 656, False, 5.00, 15.00
                   ccmppi, 4096, 20, 5.7629, 135, 0.00279, 0.02911, 6.32814, 657, False, 5.00, 15.00
       mppi-same-injected, 4096, 20, 3.7067, 73, 0.00196, 0.07095, 0.07668, 658, False, 5.00, 16.00
                   ccmppi, 4096, 20, 4.3010, 106, 0.00233, 0.02608, 0.34764, 659, False, 5.00, 16.00
       mppi-same-injected, 4096, 20, 3.7190, 79, 0.00196, 0.07052, 0.08541, 660, False, 5.00, 17.00
                   ccmppi, 4096, 20, 4.2086, 96, 0.00234, 0.02776, 0.25060, 661, False, 5.00, 17.00
       mppi-same-injected, 4096, 20, 3.7286, 77, 0.00200, 0.07013, 0.07990, 662, False, 5.00, 18.00
                   ccmppi, 4096, 20, 4.2390, 94, 0.00236, 0.02766, 0.34045, 663, False, 5.00, 18.00
       mppi-same-injected, 4096, 20, 3.6686, 84, 0.00199, 0.07076, 0.08431, 664, False, 5.00, 19.00
                   ccmppi, 4096, 20, 4.5829, 93, 0.00254, 0.02529, 1.21731, 665, False, 5.00, 19.00
       mppi-same-injected, 4096, 20, 3.6771, 82, 0.00199, 0.07041, 0.08581, 666, False, 5.00, 20.00
                   ccmppi, 4096, 20, 4.2314, 89, 0.00234, 0.02724, 0.34940, 667, False, 5.00, 20.00
       mppi-same-injected, 4096, 20, 3.5095, 120, 0.00164, 0.07217, 0.03735, 668, False, 6.00, 1.00
                   ccmppi, 4096, 20, 3.9810, 208, 0.00204, 0.02615, 0.33860, 669, False, 6.00, 1.00
       mppi-same-injected, 4096, 20, 3.6505, 107, 0.00193, 0.07077, 0.08633, 670, False, 6.00, 2.00
                   ccmppi, 4096, 20, 4.0819, 151, 0.00224, 0.02706, 0.24595, 671, False, 6.00, 2.00
       mppi-same-injected, 4096, 20, 3.6952, 99, 0.00200, 0.07130, 0.09460, 672, False, 6.00, 3.00
                   ccmppi, 4096, 20, 4.1400, 133, 0.00226, 0.02747, 0.33244, 673, False, 6.00, 3.00
       mppi-same-injected, 4096, 20, 3.7086, 82, 0.00201, 0.07100, 0.07344, 674, False, 6.00, 4.00
                   ccmppi, 4096, 20, 4.0714, 120, 0.00233, 0.02683, 0.21844, 675, False, 6.00, 4.00
       mppi-same-injected, 4096, 20, 3.7019, 90, 0.00201, 0.07051, 0.05448, 676, False, 6.00, 5.00
                   ccmppi, 4096, 20, 4.0838, 118, 0.00236, 0.02706, 0.27427, 677, False, 6.00, 5.00
       mppi-same-injected, 4096, 20, 3.7124, 81, 0.00207, 0.07089, 0.05639, 678, False, 6.00, 6.00
                   ccmppi, 4096, 20, 4.1000, 106, 0.00234, 0.02676, 0.21523, 679, False, 6.00, 6.00
       mppi-same-injected, 4096, 20, 3.6829, 85, 0.00204, 0.07083, 0.05666, 680, False, 6.00, 7.00
                   ccmppi, 4096, 20, 4.1981, 113, 0.00236, 0.02740, 0.34739, 681, False, 6.00, 7.00
       mppi-same-injected, 4096, 20, 3.6771, 79, 0.00205, 0.07112, 0.07765, 682, False, 6.00, 8.00
                   ccmppi, 4096, 20, 4.1229, 93, 0.00232, 0.02697, 0.27831, 683, False, 6.00, 8.00
       mppi-same-injected, 4096, 20, 3.7067, 82, 0.00208, 0.07092, 0.06799, 684, False, 6.00, 9.00
                   ccmppi, 4096, 20, 4.1619, 100, 0.00235, 0.02709, 0.33169, 685, False, 6.00, 9.00
       mppi-same-injected, 4096, 20, 3.7067, 76, 0.00206, 0.07062, 0.06304, 686, False, 6.00, 10.00
                   ccmppi, 4096, 20, 4.1400, 89, 0.00239, 0.02749, 0.27150, 687, False, 6.00, 10.00
       mppi-same-injected, 4096, 20, 3.7067, 79, 0.00207, 0.07073, 0.08288, 688, False, 6.00, 11.00
                   ccmppi, 4096, 20, 4.2048, 103, 0.00236, 0.02701, 0.22878, 689, False, 6.00, 11.00
       mppi-same-injected, 4096, 20, 3.6810, 89, 0.00205, 0.07074, 0.06278, 690, False, 6.00, 12.00
                   ccmppi, 4096, 20, 4.1486, 86, 0.00244, 0.02749, 0.19119, 691, False, 6.00, 12.00
       mppi-same-injected, 4096, 20, 3.7076, 86, 0.00204, 0.07097, 0.05107, 692, False, 6.00, 13.00
                   ccmppi, 4096, 20, 4.1324, 71, 0.00236, 0.02753, 0.17210, 693, False, 6.00, 13.00
       mppi-same-injected, 4096, 20, 3.6867, 77, 0.00206, 0.07128, 0.05931, 694, False, 6.00, 14.00
