       mppi-same-injected, 4096, 20, 7.3900, 170, 0.00107, 0.01066, 1.42552, 2014, True, 0.50, 1.00
       mppi-same-injected, 4096, 20, 7.6486, 104, 0.00115, 0.01042, 1.53310, 2015, True, 0.50, 1.50
       mppi-same-injected, 4096, 20, 8.6240, 122, 0.00122, 0.00913, 2.89351, 2016, True, 0.50, 2.00
       mppi-same-injected, 4096, 20, 7.8480, 100, 0.00115, 0.00868, 1.07901, 2017, True, 0.50, 2.50
       mppi-same-injected, 4096, 20, 8.8800, 81, 0.00114, 0.00766, 2.01891, 2018, True, 0.50, 3.00
       mppi-same-injected, 4096, 20, 8.0367, 111, 0.00113, 0.00744, 1.30376, 2019, True, 0.50, 3.50
       mppi-same-injected, 4096, 20, 7.9200, 120, 0.00119, 0.00785, 3.89367, 2020, True, 0.50, 4.00
       mppi-same-injected, 4096, 20, 7.5875, 122, 0.00118, 0.00951, 1.15888, 2021, True, 0.50, 4.50
       mppi-same-injected, 4096, 20, 8.0829, 69, 0.00121, 0.00987, 1.78986, 2022, True, 0.50, 5.00
       mppi-same-injected, 4096, 20, 7.4600, 155, 0.00125, 0.01062, 1.62997, 2023, True, 0.50, 5.50
       mppi-same-injected, 4096, 20, 7.6800, 75, 0.00123, 0.00911, 0.99989, 2024, True, 0.50, 6.00
       mppi-same-injected, 4096, 20, 7.9850, 153, 0.00108, 0.00877, 1.57819, 2025, True, 0.60, 1.00
       mppi-same-injected, 4096, 20, 7.4957, 175, 0.00110, 0.01070, 1.46258, 2026, True, 0.60, 1.50
       mppi-same-injected, 4096, 20, 8.2725, 130, 0.00118, 0.00920, 2.35049, 2027, True, 0.60, 2.00
       mppi-same-injected, 4096, 20, 7.8620, 130, 0.00119, 0.01132, 2.21362, 2028, True, 0.60, 2.50
       mppi-same-injected, 4096, 20, 7.4600, 125, 0.00118, 0.01201, 1.61572, 2029, True, 0.60, 3.00
       mppi-same-injected, 4096, 20, 8.4156, 114, 0.00112, 0.00846, 2.23095, 2030, True, 0.60, 3.50
       mppi-same-injected, 4096, 20, 8.5629, 98, 0.00116, 0.00850, 2.27938, 2031, True, 0.60, 4.00
       mppi-same-injected, 4096, 20, 7.2259, 188, 0.00119, 0.01238, 2.77368, 2032, True, 0.60, 4.50
       mppi-same-injected, 4096, 20, 8.3511, 103, 0.00115, 0.00834, 1.76079, 2033, True, 0.60, 5.00
       mppi-same-injected, 4096, 20, 7.5700, 118, 0.00119, 0.00952, 1.24137, 2034, True, 0.60, 5.50
       mppi-same-injected, 4096, 20, 7.7433, 132, 0.00118, 0.01096, 2.09346, 2035, True, 0.60, 6.00
       mppi-same-injected, 4096, 20, 6.3467, 179, 0.00097, 0.01714, 0.17913, 2036, False, 0.70, 1.00
       mppi-same-injected, 4096, 20, 7.5446, 160, 0.00109, 0.01077, 1.63101, 2037, True, 0.70, 1.50
       mppi-same-injected, 4096, 20, 8.0267, 129, 0.00113, 0.00951, 1.93960, 2038, True, 0.70, 2.00
       mppi-same-injected, 4096, 20, 7.2358, 196, 0.00117, 0.01295, 1.54335, 2039, True, 0.70, 2.50
       mppi-same-injected, 4096, 20, 7.3050, 160, 0.00115, 0.01206, 1.59816, 2040, True, 0.70, 3.00
       mppi-same-injected, 4096, 20, 7.8956, 148, 0.00116, 0.00911, 1.53446, 2041, True, 0.70, 3.50
       mppi-same-injected, 4096, 20, 7.7450, 191, 0.00117, 0.00964, 1.43111, 2042, True, 0.70, 4.00
       mppi-same-injected, 4096, 20, 8.2700, 115, 0.00116, 0.00883, 1.95721, 2043, True, 0.70, 4.50
       mppi-same-injected, 4096, 20, 7.8140, 139, 0.00117, 0.00924, 1.42661, 2044, True, 0.70, 5.00
       mppi-same-injected, 4096, 20, 7.7718, 171, 0.00116, 0.01021, 1.92891, 2045, True, 0.70, 5.50
       mppi-same-injected, 4096, 20, 7.5019, 149, 0.00113, 0.01099, 1.18911, 2046, False, 0.70, 6.00
       mppi-same-injected, 4096, 20, 5.8019, 241, 0.00112, 0.02453, 0.15029, 2047, False, 0.80, 1.00
       mppi-same-injected, 4096, 20, 6.2981, 172, 0.00106, 0.01824, 0.25320, 2048, False, 0.80, 1.50
       mppi-same-injected, 4096, 20, 7.7295, 203, 0.00110, 0.00968, 1.48482, 2049, True, 0.80, 2.00
       mppi-same-injected, 4096, 20, 6.1781, 195, 0.00121, 0.02072, 0.37166, 2050, False, 0.80, 2.50
       mppi-same-injected, 4096, 20, 7.8344, 179, 0.00112, 0.00962, 1.73147, 2051, True, 0.80, 3.00
       mppi-same-injected, 4096, 20, 6.6952, 151, 0.00114, 0.01511, 0.56214, 2052, False, 0.80, 3.50
       mppi-same-injected, 4096, 20, 6.7400, 159, 0.00116, 0.01470, 0.48403, 2053, False, 0.80, 4.00
       mppi-same-injected, 4096, 20, 6.1457, 151, 0.00127, 0.02022, 0.19685, 2054, False, 0.80, 4.50
       mppi-same-injected, 4096, 20, 6.4152, 144, 0.00123, 0.01791, 0.54072, 2055, False, 0.80, 5.00
       mppi-same-injected, 4096, 20, 6.4867, 146, 0.00120, 0.01674, 0.28474, 2056, False, 0.80, 5.50
       mppi-same-injected, 4096, 20, 6.2390, 148, 0.00124, 0.01906, 0.21385, 2057, False, 0.80, 6.00
       mppi-same-injected, 4096, 20, 5.5648, 216, 0.00113, 0.02817, 0.30450, 2058, False, 0.90, 1.00
       mppi-same-injected, 4096, 20, 5.8610, 213, 0.00120, 0.02424, 0.17669, 2059, False, 0.90, 1.50
       mppi-same-injected, 4096, 20, 6.3657, 167, 0.00115, 0.01780, 0.29826, 2060, False, 0.90, 2.00
       mppi-same-injected, 4096, 20, 5.1238, 158, 0.00129, 0.03731, 0.16325, 2061, False, 0.90, 2.50
       mppi-same-injected, 4096, 20, 6.2543, 158, 0.00121, 0.01994, 0.56397, 2062, False, 0.90, 3.00
       mppi-same-injected, 4096, 20, 6.5095, 170, 0.00119, 0.01662, 0.38558, 2063, False, 0.90, 3.50
       mppi-same-injected, 4096, 20, 5.8829, 152, 0.00132, 0.02434, 0.26728, 2064, False, 0.90, 4.00
       mppi-same-injected, 4096, 20, 6.2010, 156, 0.00124, 0.01973, 0.28240, 2065, False, 0.90, 4.50
       mppi-same-injected, 4096, 20, 6.3410, 151, 0.00122, 0.01814, 0.22326, 2066, False, 0.90, 5.00
       mppi-same-injected, 4096, 20, 6.6257, 139, 0.00118, 0.01622, 0.72254, 2067, False, 0.90, 5.50
       mppi-same-injected, 4096, 20, 6.3248, 149, 0.00122, 0.01846, 0.30369, 2068, False, 0.90, 6.00
                   ccmppi, 4096, 20, 4.1343, 242, 0.00202, 0.05620, 0.27172, 2069, False, 0.50, 1.00
                   ccmppi, 4096, 20, 4.1752, 190, 0.00208, 0.05450, 0.27415, 2070, False, 0.50, 1.50
                   ccmppi, 4096, 20, 4.1362, 162, 0.00216, 0.05520, 0.17530, 2071, False, 0.50, 2.00
                   ccmppi, 4096, 20, 4.1829, 153, 0.00223, 0.05508, 0.23803, 2072, False, 0.50, 2.50
                   ccmppi, 4096, 20, 4.2790, 143, 0.00221, 0.05305, 0.41392, 2074, False, 0.50, 3.50
                   ccmppi, 4096, 20, 4.1981, 145, 0.00218, 0.05208, 0.27206, 2075, False, 0.50, 4.00
                   ccmppi, 4096, 20, 4.2076, 131, 0.00226, 0.05546, 0.29481, 2076, False, 0.50, 4.50
                   ccmppi, 4096, 20, 4.3543, 142, 0.00231, 0.05162, 0.26129, 2077, False, 0.50, 5.00
                   ccmppi, 4096, 20, 4.2714, 163, 0.00225, 0.05144, 0.43322, 2078, False, 0.50, 5.50
                   ccmppi, 4096, 20, 4.2000, 128, 0.00228, 0.05043, 0.41697, 2079, False, 0.50, 6.00
                   ccmppi, 4096, 20, 4.0600, 204, 0.00204, 0.05856, 0.19064, 2080, False, 0.60, 1.00
                   ccmppi, 4096, 20, 4.1705, 220, 0.00210, 0.05438, 0.24954, 2081, False, 0.60, 1.50
                   ccmppi, 4096, 20, 4.0743, 151, 0.00217, 0.05798, 0.13665, 2082, False, 0.60, 2.00
                   ccmppi, 4096, 20, 4.1171, 166, 0.00220, 0.05693, 0.23080, 2083, False, 0.60, 2.50
                   ccmppi, 4096, 20, 4.2000, 166, 0.00222, 0.05612, 0.21629, 2084, False, 0.60, 3.00
                   ccmppi, 4096, 20, 4.1886, 131, 0.00217, 0.05368, 0.27343, 2085, False, 0.60, 3.50
                   ccmppi, 4096, 20, 4.2238, 155, 0.00223, 0.05206, 0.31542, 2086, False, 0.60, 4.00
                   ccmppi, 4096, 20, 4.2076, 130, 0.00224, 0.05280, 0.34688, 2087, False, 0.60, 4.50
                   ccmppi, 4096, 20, 4.3829, 140, 0.00219, 0.04595, 0.40016, 2088, False, 0.60, 5.00
                   ccmppi, 4096, 20, 4.1410, 133, 0.00230, 0.05341, 0.34406, 2089, False, 0.60, 5.50
                   ccmppi, 4096, 20, 4.3429, 135, 0.00225, 0.05102, 0.41299, 2090, False, 0.60, 6.00
                   ccmppi, 4096, 20, 4.1429, 190, 0.00198, 0.05455, 0.23072, 2091, False, 0.70, 1.00
                   ccmppi, 4096, 20, 4.1057, 198, 0.00210, 0.05732, 0.17901, 2092, False, 0.70, 1.50
                   ccmppi, 4096, 20, 4.2914, 190, 0.00211, 0.05178, 0.41204, 2093, False, 0.70, 2.00
                   ccmppi, 4096, 20, 4.1876, 169, 0.00219, 0.05570, 0.23073, 2094, False, 0.70, 2.50
                   ccmppi, 4096, 20, 4.3171, 156, 0.00220, 0.05181, 0.37193, 2095, False, 0.70, 3.00
                   ccmppi, 4096, 20, 4.2276, 148, 0.00225, 0.05519, 0.35254, 2096, False, 0.70, 3.50
                   ccmppi, 4096, 20, 4.2400, 157, 0.00219, 0.05285, 0.27115, 2097, False, 0.70, 4.00
                   ccmppi, 4096, 20, 8.9400, 27, 0.00287, 0.01376, 0.00000, 2098, True, 0.70, 4.50
                   ccmppi, 4096, 20, 4.2114, 141, 0.00223, 0.05468, 0.21315, 2099, False, 0.70, 5.00
                   ccmppi, 4096, 20, 4.2086, 130, 0.00232, 0.05751, 0.20799, 2100, False, 0.70, 5.50
                   ccmppi, 4096, 20, 4.0543, 103, 0.00229, 0.05812, 0.37259, 2101, False, 0.70, 6.00
                   ccmppi, 4096, 20, 4.2048, 136, 0.00230, 0.05475, 0.29555, 2102, False, 0.70, 6.00
                   ccmppi, 4096, 20, 4.0533, 214, 0.00204, 0.05881, 0.18520, 2103, False, 0.80, 1.00
                   ccmppi, 4096, 20, 4.1648, 201, 0.00214, 0.05617, 0.30494, 2104, False, 0.80, 1.50
                   ccmppi, 4096, 20, 4.0924, 189, 0.00214, 0.05710, 0.24654, 2105, False, 0.80, 2.00
                   ccmppi, 4096, 20, 4.1476, 158, 0.00219, 0.05790, 0.17561, 2106, False, 0.80, 2.50
                   ccmppi, 4096, 20, 4.1457, 165, 0.00224, 0.05756, 0.13609, 2107, False, 0.80, 3.00
                   ccmppi, 4096, 20, 4.1790, 148, 0.00220, 0.05437, 0.26073, 2108, False, 0.80, 3.50
                   ccmppi, 4096, 20, 4.1838, 125, 0.00227, 0.05652, 0.26234, 2109, False, 0.80, 4.00
                   ccmppi, 4096, 20, 4.2419, 148, 0.00223, 0.05351, 0.33088, 2110, False, 0.80, 4.50
                   ccmppi, 4096, 20, 4.3514, 142, 0.00226, 0.05045, 0.36056, 2111, False, 0.80, 5.00
                   ccmppi, 4096, 20, 4.2543, 139, 0.00226, 0.05374, 0.40162, 2112, False, 0.80, 5.50
                   ccmppi, 4096, 20, 4.2790, 148, 0.00230, 0.05351, 0.34234, 2113, False, 0.80, 6.00
                   ccmppi, 4096, 20, 4.0714, 226, 0.00204, 0.05664, 0.22674, 2114, False, 0.90, 1.00
                   ccmppi, 4096, 20, 4.0686, 212, 0.00212, 0.05804, 0.23451, 2115, False, 0.90, 1.50
                   ccmppi, 4096, 20, 4.1629, 185, 0.00217, 0.05616, 0.24520, 2116, False, 0.90, 2.00
                   ccmppi, 4096, 20, 4.1524, 165, 0.00218, 0.05548, 0.26080, 2117, False, 0.90, 2.50
                   ccmppi, 4096, 20, 4.1200, 151, 0.00224, 0.05776, 0.24339, 2118, False, 0.90, 3.00
                   ccmppi, 4096, 20, 4.2162, 168, 0.00229, 0.05497, 0.26695, 2119, False, 0.90, 3.50
                   ccmppi, 4096, 20, 4.2076, 147, 0.00225, 0.05560, 0.30634, 2120, False, 0.90, 4.00
                   ccmppi, 4096, 20, 4.1943, 123, 0.00229, 0.05582, 0.28143, 2121, False, 0.90, 4.50
                   ccmppi, 4096, 20, 4.2457, 163, 0.00229, 0.05402, 0.29284, 2122, False, 0.90, 5.00
                   ccmppi, 4096, 20, 4.3190, 147, 0.00231, 0.05534, 0.32039, 2123, False, 0.90, 5.50
                   ccmppi, 4096, 20, 4.3314, 156, 0.00235, 0.05350, 0.30548, 2124, False, 0.90, 6.00
       mppi-same-injected, 4096, 20, 7.1964, 201, 0.00102, 0.00000, 1.14609, 2139, True, 0.50, 1.00
       mppi-same-injected, 4096, 20, 7.5680, 146, 0.00102, 0.00000, 1.79700, 2140, True, 0.50, 1.26
       mppi-same-injected, 4096, 20, 8.5229, 118, 0.00108, 0.00000, 2.47332, 2141, True, 0.50, 1.53
       mppi-same-injected, 4096, 20, 7.7233, 109, 0.00128, 0.00000, 1.44598, 2142, True, 0.50, 1.79
       mppi-same-injected, 4096, 20, 8.4100, 126, 0.00121, 0.00000, 1.02864, 2143, True, 0.50, 2.05
       mppi-same-injected, 4096, 20, 8.4700, 96, 0.00113, 0.00000, 2.23006, 2144, True, 0.50, 2.32
       mppi-same-injected, 4096, 20, 7.6833, 143, 0.00122, 0.00000, 1.29071, 2145, True, 0.50, 2.58
       mppi-same-injected, 4096, 20, 8.2971, 99, 0.00113, 0.00000, 2.20838, 2146, True, 0.50, 2.84
       mppi-same-injected, 4096, 20, 7.9640, 122, 0.00119, 0.00000, 1.19936, 2147, True, 0.50, 3.11
       mppi-same-injected, 4096, 20, 7.6067, 115, 0.00121, 0.00000, 2.12226, 2148, True, 0.50, 3.37
       mppi-same-injected, 4096, 20, 8.1943, 96, 0.00115, 0.00000, 2.05359, 2149, True, 0.50, 3.63
       mppi-same-injected, 4096, 20, 7.4520, 125, 0.00115, 0.00000, 1.29371, 2150, True, 0.50, 3.89
       mppi-same-injected, 4096, 20, 8.6950, 66, 0.00124, 0.00000, 1.89248, 2151, True, 0.50, 4.16
       mppi-same-injected, 4096, 20, 7.7440, 108, 0.00117, 0.00000, 1.99407, 2152, True, 0.50, 4.42
       mppi-same-injected, 4096, 20, 7.9800, 104, 0.00114, 0.00000, 1.39862, 2153, True, 0.50, 4.68
       mppi-same-injected, 4096, 20, 7.8257, 105, 0.00116, 0.00000, 1.33582, 2154, True, 0.50, 4.95
       mppi-same-injected, 4096, 20, 8.2171, 91, 0.00118, 0.00000, 2.00635, 2155, True, 0.50, 5.21
       mppi-same-injected, 4096, 20, 7.7380, 95, 0.00125, 0.00000, 1.55865, 2156, True, 0.50, 5.47
       mppi-same-injected, 4096, 20, 7.9675, 94, 0.00122, 0.00000, 1.28841, 2157, True, 0.50, 5.74
       mppi-same-injected, 4096, 20, 7.1075, 82, 0.00129, 0.00000, 2.08180, 2158, True, 0.50, 6.00
       mppi-same-injected, 4096, 20, 6.9916, 283, 0.00106, 0.00000, 2.66867, 2159, True, 0.55, 1.00
       mppi-same-injected, 4096, 20, 8.0220, 156, 0.00106, 0.00000, 2.21011, 2160, True, 0.55, 1.26
       mppi-same-injected, 4096, 20, 8.2933, 117, 0.00111, 0.00000, 2.33117, 2161, True, 0.55, 1.53
       mppi-same-injected, 4096, 20, 7.7300, 147, 0.00112, 0.00000, 2.00218, 2162, True, 0.55, 1.79
       mppi-same-injected, 4096, 20, 7.8833, 105, 0.00119, 0.00000, 2.07002, 2163, True, 0.55, 2.05
       mppi-same-injected, 4096, 20, 7.9525, 156, 0.00118, 0.00000, 3.95992, 2164, True, 0.55, 2.32
       mppi-same-injected, 4096, 20, 7.7622, 114, 0.00117, 0.00000, 1.92849, 2165, True, 0.55, 2.58
       mppi-same-injected, 4096, 20, 8.4320, 81, 0.00120, 0.00000, 1.75420, 2166, True, 0.55, 2.84
       mppi-same-injected, 4096, 20, 7.6171, 114, 0.00119, 0.00000, 1.43122, 2167, True, 0.55, 3.11
       mppi-same-injected, 4096, 20, 7.8667, 109, 0.00117, 0.00000, 1.34023, 2168, True, 0.55, 3.37
       mppi-same-injected, 4096, 20, 8.2057, 100, 0.00121, 0.00000, 2.22427, 2169, True, 0.55, 3.63
       mppi-same-injected, 4096, 20, 8.3200, 84, 0.00120, 0.00000, 1.84958, 2170, True, 0.55, 3.89
       mppi-same-injected, 4096, 20, 7.7422, 132, 0.00121, 0.00000, 3.59751, 2171, True, 0.55, 4.16
       mppi-same-injected, 4096, 20, 7.5822, 125, 0.00113, 0.00000, 1.19035, 2172, True, 0.55, 4.42
       mppi-same-injected, 4096, 20, 7.9978, 105, 0.00120, 0.00000, 1.97064, 2173, True, 0.55, 4.68
       mppi-same-injected, 4096, 20, 7.3964, 132, 0.00116, 0.00000, 1.35437, 2174, True, 0.55, 4.95
       mppi-same-injected, 4096, 20, 7.9550, 107, 0.00112, 0.00000, 1.35701, 2175, True, 0.55, 5.21
       mppi-same-injected, 4096, 20, 8.0022, 97, 0.00119, 0.00000, 1.61577, 2176, True, 0.55, 5.47
       mppi-same-injected, 4096, 20, 8.0622, 83, 0.00121, 0.00000, 1.82682, 2177, True, 0.55, 5.74
       mppi-same-injected, 4096, 20, 8.3486, 84, 0.00123, 0.00000, 1.42050, 2178, True, 0.55, 6.00
       mppi-same-injected, 4096, 20, 7.4014, 223, 0.00107, 0.00000, 1.69498, 2179, True, 0.60, 1.00
       mppi-same-injected, 4096, 20, 7.2887, 191, 0.00105, 0.00000, 1.55477, 2180, True, 0.60, 1.26
       mppi-same-injected, 4096, 20, 7.5960, 136, 0.00112, 0.00000, 1.43041, 2181, True, 0.60, 1.53
       mppi-same-injected, 4096, 20, 7.8143, 106, 0.00117, 0.00000, 1.41928, 2182, True, 0.60, 1.79
       mppi-same-injected, 4096, 20, 7.7343, 116, 0.00122, 0.00000, 1.38757, 2183, True, 0.60, 2.05
       mppi-same-injected, 4096, 20, 8.3067, 97, 0.00119, 0.00000, 1.32914, 2184, True, 0.60, 2.32
       mppi-same-injected, 4096, 20, 7.4578, 152, 0.00119, 0.00000, 1.20053, 2185, True, 0.60, 2.58
       mppi-same-injected, 4096, 20, 7.5600, 111, 0.00115, 0.00000, 2.09760, 2186, True, 0.60, 2.84
       mppi-same-injected, 4096, 20, 7.8580, 112, 0.00114, 0.00000, 1.72651, 2187, True, 0.60, 3.11
       mppi-same-injected, 4096, 20, 7.0600, 139, 0.00123, 0.00000, 1.33701, 2188, True, 0.60, 3.37
       mppi-same-injected, 4096, 20, 7.8425, 97, 0.00118, 0.00000, 1.92973, 2189, True, 0.60, 3.63
       mppi-same-injected, 4096, 20, 7.6255, 129, 0.00120, 0.00000, 2.03650, 2190, True, 0.60, 3.89
       mppi-same-injected, 4096, 20, 8.4971, 116, 0.00117, 0.00000, 1.49691, 2191, True, 0.60, 4.16
       mppi-same-injected, 4096, 20, 7.3400, 140, 0.00118, 0.00000, 1.39807, 2192, True, 0.60, 4.42
       mppi-same-injected, 4096, 20, 8.2714, 114, 0.00116, 0.00000, 1.43944, 2193, True, 0.60, 4.68
       mppi-same-injected, 4096, 20, 7.4517, 142, 0.00119, 0.00000, 1.43354, 2194, True, 0.60, 4.95
       mppi-same-injected, 4096, 20, 7.4800, 126, 0.00117, 0.00000, 1.34271, 2195, True, 0.60, 5.21
       mppi-same-injected, 4096, 20, 6.6240, 109, 0.00123, 0.00000, 1.71217, 2196, True, 0.60, 5.47
       mppi-same-injected, 4096, 20, 8.1200, 111, 0.00119, 0.00000, 1.31057, 2197, True, 0.60, 5.74
       mppi-same-injected, 4096, 20, 7.0662, 115, 0.00123, 0.00000, 1.08957, 2198, True, 0.60, 6.00
       mppi-same-injected, 4096, 20, 6.5743, 220, 0.00103, 0.00000, 0.66284, 2199, False, 0.65, 1.00
       mppi-same-injected, 4096, 20, 7.6212, 225, 0.00105, 0.00000, 1.98319, 2200, True, 0.65, 1.26
       mppi-same-injected, 4096, 20, 7.4400, 206, 0.00108, 0.00000, 1.53585, 2201, True, 0.65, 1.53
       mppi-same-injected, 4096, 20, 7.5778, 134, 0.00118, 0.00000, 1.59807, 2202, True, 0.65, 1.79
       mppi-same-injected, 4096, 20, 7.5673, 144, 0.00112, 0.00000, 1.95570, 2203, True, 0.65, 2.05
       mppi-same-injected, 4096, 20, 7.6636, 148, 0.00114, 0.00000, 1.72988, 2204, True, 0.65, 2.32
       mppi-same-injected, 4096, 20, 7.4014, 182, 0.00118, 0.00000, 1.35576, 2205, True, 0.65, 2.58
       mppi-same-injected, 4096, 20, 7.9185, 144, 0.00113, 0.00000, 1.95694, 2206, True, 0.65, 2.84
       mppi-same-injected, 4096, 20, 8.2289, 117, 0.00114, 0.00000, 2.10893, 2207, True, 0.65, 3.11
       mppi-same-injected, 4096, 20, 8.0314, 186, 0.00116, 0.00000, 2.83424, 2208, True, 0.65, 3.37
       mppi-same-injected, 4096, 20, 7.5164, 153, 0.00119, 0.00000, 1.17368, 2209, True, 0.65, 3.63
       mppi-same-injected, 4096, 20, 7.7400, 139, 0.00116, 0.00000, 1.99592, 2210, True, 0.65, 3.89
       mppi-same-injected, 4096, 20, 7.4965, 160, 0.00118, 0.00000, 1.59526, 2211, True, 0.65, 4.16
       mppi-same-injected, 4096, 20, 8.1450, 119, 0.00116, 0.00000, 1.41608, 2212, True, 0.65, 4.42
       mppi-same-injected, 4096, 20, 7.6683, 130, 0.00124, 0.00000, 2.06826, 2213, True, 0.65, 4.68
       mppi-same-injected, 4096, 20, 7.9725, 165, 0.00115, 0.00000, 1.90060, 2214, True, 0.65, 4.95
       mppi-same-injected, 4096, 20, 7.7514, 118, 0.00117, 0.00000, 1.21833, 2215, True, 0.65, 5.21
       mppi-same-injected, 4096, 20, 7.7556, 131, 0.00119, 0.00000, 1.48032, 2216, True, 0.65, 5.47
       mppi-same-injected, 4096, 20, 7.9050, 124, 0.00120, 0.00000, 1.56902, 2217, True, 0.65, 5.74
       mppi-same-injected, 4096, 20, 8.1818, 150, 0.00117, 0.00000, 1.43178, 2218, True, 0.65, 6.00
       mppi-same-injected, 4096, 20, 6.5190, 216, 0.00100, 0.00000, 0.57621, 2219, False, 0.70, 1.00
       mppi-same-injected, 4096, 20, 6.7057, 222, 0.00106, 0.00000, 0.96386, 2220, False, 0.70, 1.26
       mppi-same-injected, 4096, 20, 7.2725, 189, 0.00111, 0.00000, 1.47856, 2221, True, 0.70, 1.53
       mppi-same-injected, 4096, 20, 7.5414, 182, 0.00115, 0.00000, 1.34565, 2222, True, 0.70, 1.79
       mppi-same-injected, 4096, 20, 8.0817, 176, 0.00114, 0.00000, 2.08928, 2223, True, 0.70, 2.05
       mppi-same-injected, 4096, 20, 8.2433, 101, 0.00121, 0.00000, 1.62880, 2224, True, 0.70, 2.32
       mppi-same-injected, 4096, 20, 7.2415, 185, 0.00120, 0.00000, 1.35423, 2225, True, 0.70, 2.58
       mppi-same-injected, 4096, 20, 7.8000, 125, 0.00120, 0.00000, 1.50922, 2226, True, 0.70, 2.84
       mppi-same-injected, 4096, 20, 7.5533, 136, 0.00114, 0.00000, 1.72405, 2227, True, 0.70, 2.84
       mppi-same-injected, 4096, 20, 8.3778, 124, 0.00114, 0.00000, 2.42073, 2228, True, 0.70, 3.11
       mppi-same-injected, 4096, 20, 8.4300, 105, 0.00114, 0.00000, 2.16326, 2229, True, 0.70, 3.37
       mppi-same-injected, 4096, 20, 7.3147, 181, 0.00117, 0.00000, 1.52315, 2230, True, 0.70, 3.63
       mppi-same-injected, 4096, 20, 7.9764, 125, 0.00121, 0.00000, 1.93608, 2231, True, 0.70, 3.89
       mppi-same-injected, 4096, 20, 7.7677, 140, 0.00117, 0.00000, 1.86355, 2232, True, 0.70, 4.16
       mppi-same-injected, 4096, 20, 7.5900, 144, 0.00119, 0.00000, 1.83320, 2233, True, 0.70, 4.42
       mppi-same-injected, 4096, 20, 8.0923, 173, 0.00116, 0.00000, 1.42085, 2234, True, 0.70, 4.68
       mppi-same-injected, 4096, 20, 7.7120, 182, 0.00118, 0.00000, 1.58309, 2235, True, 0.70, 4.95
       mppi-same-injected, 4096, 20, 7.1724, 155, 0.00113, 0.00000, 0.93012, 2236, False, 0.70, 5.21
       mppi-same-injected, 4096, 20, 8.3291, 127, 0.00118, 0.00000, 2.43798, 2237, True, 0.70, 5.47
       mppi-same-injected, 4096, 20, 8.5475, 104, 0.00115, 0.00000, 1.84754, 2238, True, 0.70, 5.74
       mppi-same-injected, 4096, 20, 6.8524, 148, 0.00117, 0.00000, 0.60727, 2239, False, 0.70, 6.00
       mppi-same-injected, 4096, 20, 6.3333, 187, 0.00098, 0.00000, 0.28945, 2240, False, 0.75, 1.00
       mppi-same-injected, 4096, 20, 6.1200, 218, 0.00111, 0.00000, 0.27823, 2241, False, 0.75, 1.26
       mppi-same-injected, 4096, 20, 6.4924, 166, 0.00105, 0.00000, 0.29604, 2242, False, 0.75, 1.53
       mppi-same-injected, 4096, 20, 7.2712, 209, 0.00118, 0.00000, 1.76158, 2243, True, 0.75, 1.79
       mppi-same-injected, 4096, 20, 7.9220, 126, 0.00112, 0.00000, 1.58645, 2244, True, 0.75, 2.05
       mppi-same-injected, 4096, 20, 7.9525, 123, 0.00119, 0.00000, 2.11445, 2245, True, 0.75, 2.32
       mppi-same-injected, 4096, 20, 7.2525, 231, 0.00117, 0.00000, 1.25090, 2246, True, 0.75, 2.58
       mppi-same-injected, 4096, 20, 7.3895, 201, 0.00119, 0.00000, 1.49558, 2247, True, 0.75, 2.84
       mppi-same-injected, 4096, 20, 8.2100, 141, 0.00116, 0.00000, 1.63529, 2248, True, 0.75, 3.11
       mppi-same-injected, 4096, 20, 7.7738, 143, 0.00113, 0.00000, 1.89627, 2249, True, 0.75, 3.37
       mppi-same-injected, 4096, 20, 7.4741, 202, 0.00120, 0.00000, 2.98595, 2250, True, 0.75, 3.63
       mppi-same-injected, 4096, 20, 7.7150, 168, 0.00117, 0.00000, 1.97031, 2251, True, 0.75, 3.89
       mppi-same-injected, 4096, 20, 6.5857, 147, 0.00116, 0.00000, 0.30966, 2252, False, 0.75, 4.16
       mppi-same-injected, 4096, 20, 7.1971, 184, 0.00117, 0.00000, 1.46931, 2253, False, 0.75, 4.42
       mppi-same-injected, 4096, 20, 7.4590, 149, 0.00114, 0.00000, 1.12780, 2254, False, 0.75, 4.68
       mppi-same-injected, 4096, 20, 7.8880, 157, 0.00117, 0.00000, 1.92780, 2255, True, 0.75, 4.95
       mppi-same-injected, 4096, 20, 6.5095, 145, 0.00121, 0.00000, 0.52086, 2256, False, 0.75, 5.21
       mppi-same-injected, 4096, 20, 7.5360, 176, 0.00121, 0.00000, 1.41275, 2257, True, 0.75, 5.47
       mppi-same-injected, 4096, 20, 8.1686, 149, 0.00118, 0.00000, 1.47684, 2258, True, 0.75, 5.74
       mppi-same-injected, 4096, 20, 6.8171, 140, 0.00117, 0.00000, 0.50797, 2259, False, 0.75, 6.00
       mppi-same-injected, 4096, 20, 5.9133, 238, 0.00114, 0.00000, 0.14479, 2260, False, 0.80, 1.00
       mppi-same-injected, 4096, 20, 5.9638, 227, 0.00115, 0.00000, 0.15364, 2261, False, 0.80, 1.26
       mppi-same-injected, 4096, 20, 6.6286, 170, 0.00102, 0.00000, 0.35217, 2262, False, 0.80, 1.53
       mppi-same-injected, 4096, 20, 7.0989, 194, 0.00112, 0.00000, 1.51272, 2263, True, 0.80, 1.79
       mppi-same-injected, 4096, 20, 7.0295, 164, 0.00110, 0.00000, 0.65488, 2264, False, 0.80, 2.05
       mppi-same-injected, 4096, 20, 7.1056, 201, 0.00118, 0.00000, 1.51227, 2265, True, 0.80, 2.32
       mppi-same-injected, 4096, 20, 7.4084, 196, 0.00113, 0.00000, 1.53696, 2266, True, 0.80, 2.58
       mppi-same-injected, 4096, 20, 8.0586, 169, 0.00116, 0.00000, 1.96698, 2267, True, 0.80, 2.84
       mppi-same-injected, 4096, 20, 6.8657, 148, 0.00113, 0.00000, 0.72575, 2268, False, 0.80, 3.11
       mppi-same-injected, 4096, 20, 6.8876, 167, 0.00112, 0.00000, 0.91957, 2269, False, 0.80, 3.37
       mppi-same-injected, 4096, 20, 6.8190, 147, 0.00112, 0.00000, 0.57872, 2270, False, 0.80, 3.63
       mppi-same-injected, 4096, 20, 6.7829, 157, 0.00116, 0.00000, 0.72994, 2271, False, 0.80, 3.89
       mppi-same-injected, 4096, 20, 8.6838, 248, 0.00116, 0.00000, 2.39167, 2272, False, 0.80, 4.16
       mppi-same-injected, 4096, 20, 7.1286, 163, 0.00117, 0.00000, 1.21642, 2273, False, 0.80, 4.42
       mppi-same-injected, 4096, 20, 7.9344, 172, 0.00116, 0.00000, 1.78021, 2274, True, 0.80, 4.68
       mppi-same-injected, 4096, 20, 6.6533, 140, 0.00118, 0.00000, 0.42861, 2275, False, 0.80, 4.95
       mppi-same-injected, 4096, 20, 7.2505, 148, 0.00111, 0.00000, 0.57456, 2276, False, 0.80, 5.21
       mppi-same-injected, 4096, 20, 6.4457, 140, 0.00124, 0.00000, 0.45239, 2277, False, 0.80, 5.47
       mppi-same-injected, 4096, 20, 7.4114, 152, 0.00114, 0.00000, 0.82814, 2278, False, 0.80, 5.74
       mppi-same-injected, 4096, 20, 6.3219, 145, 0.00120, 0.00000, 0.24688, 2279, False, 0.80, 6.00
       mppi-same-injected, 4096, 20, 5.6400, 228, 0.00111, 0.00000, 0.19780, 2280, False, 0.85, 1.00
       mppi-same-injected, 4096, 20, 5.5457, 216, 0.00121, 0.00000, 0.24457, 2281, False, 0.85, 1.26
       mppi-same-injected, 4096, 20, 6.1981, 185, 0.00112, 0.00000, 0.25767, 2282, False, 0.85, 1.53
       mppi-same-injected, 4096, 20, 7.5000, 175, 0.00113, 0.00000, 1.15468, 2283, True, 0.85, 1.79
       mppi-same-injected, 4096, 20, 6.2448, 181, 0.00115, 0.00000, 0.15674, 2284, False, 0.85, 2.05
       mppi-same-injected, 4096, 20, 7.5457, 196, 0.00109, 0.00000, 1.40158, 2285, False, 0.85, 2.32
       mppi-same-injected, 4096, 20, 6.1990, 180, 0.00126, 0.00000, 0.63526, 2286, False, 0.85, 2.58
       mppi-same-injected, 4096, 20, 6.2990, 177, 0.00120, 0.00000, 0.26751, 2287, False, 0.85, 2.84
       mppi-same-injected, 4096, 20, 6.0895, 175, 0.00128, 0.00000, 0.27641, 2288, False, 0.85, 3.11
       mppi-same-injected, 4096, 20, 6.3857, 167, 0.00119, 0.00000, 0.26056, 2289, False, 0.85, 3.37
       mppi-same-injected, 4096, 20, 6.6067, 156, 0.00115, 0.00000, 0.56448, 2290, False, 0.85, 3.63
       mppi-same-injected, 4096, 20, 6.0895, 157, 0.00127, 0.00000, 0.20336, 2291, False, 0.85, 3.89
       mppi-same-injected, 4096, 20, 6.2924, 154, 0.00125, 0.00000, 0.42902, 2292, False, 0.85, 4.16
       mppi-same-injected, 4096, 20, 6.6076, 153, 0.00119, 0.00000, 0.45622, 2293, False, 0.85, 4.42
       mppi-same-injected, 4096, 20, 6.2448, 148, 0.00124, 0.00000, 0.21282, 2294, False, 0.85, 4.68
       mppi-same-injected, 4096, 20, 6.7095, 139, 0.00117, 0.00000, 0.47568, 2295, False, 0.85, 4.95
       mppi-same-injected, 4096, 20, 6.8990, 148, 0.00112, 0.00000, 0.46169, 2296, False, 0.85, 5.21
       mppi-same-injected, 4096, 20, 7.7210, 173, 0.00115, 0.00000, 1.48278, 2297, False, 0.85, 5.47
       mppi-same-injected, 4096, 20, 6.0686, 153, 0.00131, 0.00000, 0.23148, 2298, False, 0.85, 5.74
       mppi-same-injected, 4096, 20, 6.2000, 137, 0.00128, 0.00000, 0.35995, 2299, False, 0.85, 6.00
       mppi-same-injected, 4096, 20, 5.0610, 167, 0.00111, 0.00000, 0.17154, 2300, False, 0.90, 1.00
       mppi-same-injected, 4096, 20, 5.7390, 231, 0.00123, 0.00000, 0.15074, 2301, False, 0.90, 1.26
       mppi-same-injected, 4096, 20, 6.0629, 207, 0.00116, 0.00000, 0.11699, 2302, False, 0.90, 1.53
       mppi-same-injected, 4096, 20, 6.0162, 195, 0.00118, 0.00000, 0.13699, 2303, False, 0.90, 1.79
       mppi-same-injected, 4096, 20, 5.0790, 184, 0.00129, 0.00000, 0.51939, 2304, False, 0.90, 2.05
       mppi-same-injected, 4096, 20, 5.1038, 171, 0.00129, 0.00000, 0.23066, 2305, False, 0.90, 2.32
       mppi-same-injected, 4096, 20, 6.1886, 168, 0.00119, 0.00000, 0.30535, 2306, False, 0.90, 2.58
       mppi-same-injected, 4096, 20, 6.1581, 183, 0.00123, 0.00000, 0.21769, 2307, False, 0.90, 2.84
       mppi-same-injected, 4096, 20, 6.1038, 185, 0.00127, 0.00000, 0.21181, 2308, False, 0.90, 3.11
       mppi-same-injected, 4096, 20, 6.0571, 167, 0.00126, 0.00000, 0.17395, 2309, False, 0.90, 3.37
       mppi-same-injected, 4096, 20, 6.0438, 172, 0.00126, 0.00000, 0.18065, 2310, False, 0.90, 3.63
       mppi-same-injected, 4096, 20, 6.5390, 162, 0.00119, 0.00000, 0.27461, 2311, False, 0.90, 3.89
       mppi-same-injected, 4096, 20, 6.2476, 170, 0.00125, 0.00000, 0.26857, 2312, False, 0.90, 4.16
       mppi-same-injected, 4096, 20, 7.4419, 142, 0.00109, 0.00000, 0.53152, 2313, False, 0.90, 4.42
       mppi-same-injected, 4096, 20, 6.1000, 155, 0.00124, 0.00000, 0.23785, 2314, False, 0.90, 4.68
       mppi-same-injected, 4096, 20, 7.2714, 146, 0.00111, 0.00000, 0.55048, 2315, False, 0.90, 4.95
       mppi-same-injected, 4096, 20, 6.0838, 146, 0.00128, 0.00000, 0.18285, 2316, False, 0.90, 5.21
       mppi-same-injected, 4096, 20, 5.9162, 133, 0.00139, 0.00000, 0.21766, 2317, False, 0.90, 5.47
       mppi-same-injected, 4096, 20, 6.0581, 148, 0.00131, 0.00000, 0.21584, 2318, False, 0.90, 5.74
       mppi-same-injected, 4096, 20, 5.6629, 132, 0.00136, 0.00000, 0.33033, 2319, False, 0.90, 6.00
       mppi-same-injected, 4096, 20, 7.7167, 206, 0.00104, 0.00000, 1.83435, 2320, True, 0.50, 1.00
       mppi-same-injected, 4096, 20, 8.0286, 127, 0.00106, 0.00000, 2.08513, 2321, True, 0.50, 1.26
       mppi-same-injected, 4096, 20, 7.7743, 112, 0.00115, 0.00000, 1.61474, 2322, True, 0.50, 1.53
       mppi-same-injected, 4096, 20, 7.6125, 116, 0.00117, 0.00000, 1.66159, 2323, True, 0.50, 1.79
       mppi-same-injected, 4096, 20, 8.8080, 98, 0.00116, 0.00000, 2.47207, 2324, True, 0.50, 2.05
       mppi-same-injected, 4096, 20, 7.9257, 98, 0.00114, 0.00000, 1.80646, 2325, True, 0.50, 2.32
       mppi-same-injected, 4096, 20, 7.8886, 98, 0.00113, 0.00000, 1.81885, 2326, True, 0.50, 2.58
       mppi-same-injected, 4096, 20, 8.7560, 86, 0.00118, 0.00000, 2.51324, 2327, True, 0.50, 2.84
       mppi-same-injected, 4096, 20, 8.0743, 126, 0.00120, 0.00000, 3.92904, 2328, True, 0.50, 3.11
       mppi-same-injected, 4096, 20, 7.5250, 103, 0.00122, 0.00000, 1.52229, 2329, True, 0.50, 3.37
       mppi-same-injected, 4096, 20, 7.9850, 104, 0.00120, 0.00000, 2.22173, 2330, True, 0.50, 3.63
       mppi-same-injected, 4096, 20, 8.6700, 96, 0.00119, 0.00000, 2.45152, 2331, True, 0.50, 3.89
       mppi-same-injected, 4096, 20, 8.2600, 84, 0.00120, 0.00000, 2.28832, 2332, True, 0.50, 4.16
       mppi-same-injected, 4096, 20, 7.9457, 117, 0.00124, 0.00000, 4.14009, 2333, True, 0.50, 4.42
       mppi-same-injected, 4096, 20, 7.8200, 100, 0.00119, 0.00000, 2.06046, 2334, True, 0.50, 4.68
       mppi-same-injected, 4096, 20, 8.3771, 90, 0.00116, 0.00000, 2.14043, 2335, True, 0.50, 4.95
       mppi-same-injected, 4096, 20, 8.0520, 107, 0.00119, 0.00000, 1.31840, 2336, True, 0.50, 5.21
       mppi-same-injected, 4096, 20, 7.4257, 103, 0.00123, 0.00000, 1.41549, 2337, True, 0.50, 5.47
       mppi-same-injected, 4096, 20, 7.5925, 111, 0.00115, 0.00000, 1.20905, 2338, True, 0.50, 5.74
       mppi-same-injected, 4096, 20, 8.8300, 87, 0.00115, 0.00000, 2.43718, 2339, True, 0.50, 6.00
       mppi-same-injected, 4096, 20, 7.5020, 158, 0.00101, 0.00000, 1.88073, 2340, True, 0.55, 1.00
       mppi-same-injected, 4096, 20, 8.4086, 120, 0.00109, 0.00000, 2.35471, 2341, True, 0.55, 1.26
       mppi-same-injected, 4096, 20, 8.0533, 133, 0.00110, 0.00000, 2.22287, 2342, True, 0.55, 1.53
       mppi-same-injected, 4096, 20, 7.8089, 115, 0.00106, 0.00000, 1.81285, 2343, True, 0.55, 1.79
       mppi-same-injected, 4096, 20, 8.8233, 106, 0.00111, 0.00000, 2.25073, 2344, True, 0.55, 2.05
       mppi-same-injected, 4096, 20, 8.4550, 123, 0.00114, 0.00000, 2.21013, 2345, True, 0.55, 2.32
       mppi-same-injected, 4096, 20, 7.9771, 90, 0.00115, 0.00000, 1.67923, 2346, True, 0.55, 2.58
       mppi-same-injected, 4096, 20, 8.3400, 77, 0.00116, 0.00000, 1.71502, 2347, True, 0.55, 2.84
       mppi-same-injected, 4096, 20, 7.3778, 129, 0.00118, 0.00000, 3.43193, 2348, True, 0.55, 3.11
       mppi-same-injected, 4096, 20, 8.0556, 105, 0.00118, 0.00000, 1.66236, 2349, True, 0.55, 3.37
       mppi-same-injected, 4096, 20, 8.2229, 93, 0.00121, 0.00000, 1.92969, 2350, True, 0.55, 3.63
       mppi-same-injected, 4096, 20, 7.5300, 85, 0.00123, 0.00000, 1.66496, 2351, True, 0.55, 3.89
       mppi-same-injected, 4096, 20, 8.4200, 82, 0.00122, 0.00000, 1.55728, 2352, True, 0.55, 4.16
       mppi-same-injected, 4096, 20, 7.9743, 112, 0.00116, 0.00000, 1.32591, 2353, True, 0.55, 4.42
       mppi-same-injected, 4096, 20, 7.8000, 119, 0.00117, 0.00000, 1.24792, 2354, True, 0.55, 4.68
       mppi-same-injected, 4096, 20, 7.8509, 118, 0.00118, 0.00000, 2.08149, 2355, True, 0.55, 4.95
       mppi-same-injected, 4096, 20, 7.5711, 129, 0.00118, 0.00000, 1.38066, 2356, True, 0.55, 5.21
       mppi-same-injected, 4096, 20, 7.5120, 111, 0.00122, 0.00000, 1.91429, 2357, True, 0.55, 5.47
       mppi-same-injected, 4096, 20, 7.6675, 117, 0.00115, 0.00000, 1.47387, 2358, True, 0.55, 5.74
       mppi-same-injected, 4096, 20, 7.4111, 123, 0.00129, 0.00000, 3.53820, 2359, True, 0.55, 6.00
       mppi-same-injected, 4096, 20, 7.2947, 217, 0.00105, 0.00000, 1.65277, 2360, True, 0.60, 1.00
       mppi-same-injected, 4096, 20, 7.5983, 172, 0.00107, 0.00000, 1.93193, 2361, True, 0.60, 1.26
       mppi-same-injected, 4096, 20, 7.5600, 167, 0.00111, 0.00000, 1.13955, 2362, True, 0.60, 1.53
       mppi-same-injected, 4096, 20, 8.0050, 137, 0.00115, 0.00000, 2.38958, 2363, True, 0.60, 1.79
       mppi-same-injected, 4096, 20, 8.0022, 124, 0.00112, 0.00000, 1.84611, 2364, True, 0.60, 2.05
       mppi-same-injected, 4096, 20, 7.7578, 111, 0.00113, 0.00000, 1.49991, 2365, True, 0.60, 2.32
       mppi-same-injected, 4096, 20, 7.7200, 140, 0.00118, 0.00000, 1.39470, 2366, True, 0.60, 2.58
       mppi-same-injected, 4096, 20, 7.5575, 134, 0.00115, 0.00000, 1.13068, 2367, True, 0.60, 2.84
       mppi-same-injected, 4096, 20, 8.3829, 100, 0.00116, 0.00000, 2.41340, 2368, True, 0.60, 3.11
       mppi-same-injected, 4096, 20, 8.3320, 125, 0.00115, 0.00000, 2.34835, 2369, True, 0.60, 3.37
       mppi-same-injected, 4096, 20, 7.8473, 120, 0.00117, 0.00000, 1.86649, 2370, True, 0.60, 3.63
       mppi-same-injected, 4096, 20, 7.1883, 113, 0.00122, 0.00000, 2.08791, 2371, True, 0.60, 3.89
       mppi-same-injected, 4096, 20, 9.2600, 105, 0.00120, 0.00000, 2.35845, 2372, True, 0.60, 4.16
       mppi-same-injected, 4096, 20, 7.5018, 151, 0.00120, 0.00000, 1.64185, 2373, True, 0.60, 4.42
       mppi-same-injected, 4096, 20, 8.2857, 88, 0.00121, 0.00000, 1.84136, 2374, True, 0.60, 4.68
       mppi-same-injected, 4096, 20, 8.5514, 100, 0.00121, 0.00000, 2.43547, 2375, True, 0.60, 4.95
       mppi-same-injected, 4096, 20, 7.7233, 143, 0.00114, 0.00000, 1.31334, 2376, True, 0.60, 5.21
       mppi-same-injected, 4096, 20, 8.2440, 93, 0.00119, 0.00000, 1.84737, 2377, True, 0.60, 5.47
       mppi-same-injected, 4096, 20, 7.5364, 137, 0.00117, 0.00000, 3.31395, 2378, True, 0.60, 5.74
       mppi-same-injected, 4096, 20, 8.0360, 97, 0.00126, 0.00000, 2.22167, 2379, True, 0.60, 6.00
       mppi-same-injected, 4096, 20, 7.2505, 251, 0.00099, 0.00000, 1.47587, 2380, False, 0.65, 1.00
       mppi-same-injected, 4096, 20, 8.2382, 205, 0.00108, 0.00000, 2.20910, 2381, True, 0.65, 1.26
       mppi-same-injected, 4096, 20, 7.2800, 165, 0.00114, 0.00000, 1.55758, 2382, True, 0.65, 1.53
       mppi-same-injected, 4096, 20, 7.8600, 153, 0.00120, 0.00000, 1.49323, 2383, True, 0.65, 1.79
       mppi-same-injected, 4096, 20, 7.7914, 99, 0.00118, 0.00000, 1.48003, 2384, True, 0.65, 2.05
       mppi-same-injected, 4096, 20, 7.7022, 125, 0.00116, 0.00000, 1.97418, 2385, True, 0.65, 2.32
       mppi-same-injected, 4096, 20, 7.3300, 120, 0.00123, 0.00000, 1.51687, 2386, True, 0.65, 2.58
       mppi-same-injected, 4096, 20, 7.2600, 157, 0.00120, 0.00000, 1.55003, 2387, True, 0.65, 2.84
       mppi-same-injected, 4096, 20, 8.2829, 102, 0.00119, 0.00000, 1.98829, 2388, True, 0.65, 3.11
       mppi-same-injected, 4096, 20, 7.6341, 171, 0.00114, 0.00000, 1.71154, 2389, True, 0.65, 3.37
       mppi-same-injected, 4096, 20, 8.3917, 138, 0.00115, 0.00000, 2.03100, 2390, True, 0.65, 3.63
       mppi-same-injected, 4096, 20, 8.9200, 92, 0.00117, 0.00000, 2.46309, 2391, True, 0.65, 3.89
       mppi-same-injected, 4096, 20, 8.0400, 130, 0.00117, 0.00000, 2.00464, 2392, True, 0.65, 4.16
       mppi-same-injected, 4096, 20, 7.8822, 111, 0.00123, 0.00000, 1.95297, 2393, True, 0.65, 4.42
       mppi-same-injected, 4096, 20, 7.5754, 140, 0.00118, 0.00000, 2.08865, 2394, True, 0.65, 4.68
       mppi-same-injected, 4096, 20, 7.6013, 156, 0.00119, 0.00000, 2.01144, 2395, True, 0.65, 4.95
       mppi-same-injected, 4096, 20, 7.9156, 135, 0.00116, 0.00000, 1.45836, 2396, True, 0.65, 5.21
       mppi-same-injected, 4096, 20, 8.3400, 156, 0.00118, 0.00000, 2.31595, 2397, True, 0.65, 5.47
       mppi-same-injected, 4096, 20, 7.3825, 185, 0.00118, 0.00000, 1.28922, 2398, True, 0.65, 5.74
       mppi-same-injected, 4096, 20, 7.8900, 126, 0.00117, 0.00000, 1.93342, 2399, True, 0.65, 6.00
       mppi-same-injected, 4096, 20, 6.7752, 181, 0.00095, 0.00000, 0.49963, 2400, False, 0.70, 1.00
       mppi-same-injected, 4096, 20, 7.7000, 277, 0.00105, 0.00000, 1.28214, 2401, False, 0.70, 1.26
       mppi-same-injected, 4096, 20, 7.2779, 203, 0.00106, 0.00000, 1.36544, 2402, True, 0.70, 1.53
       mppi-same-injected, 4096, 20, 7.8340, 141, 0.00112, 0.00000, 1.97788, 2403, True, 0.70, 1.79
       mppi-same-injected, 4096, 20, 7.9889, 128, 0.00110, 0.00000, 1.98727, 2404, True, 0.70, 2.05
       mppi-same-injected, 4096, 20, 7.5643, 146, 0.00113, 0.00000, 1.46962, 2405, True, 0.70, 2.32
       mppi-same-injected, 4096, 20, 7.4123, 138, 0.00115, 0.00000, 1.57053, 2406, True, 0.70, 2.58
       mppi-same-injected, 4096, 20, 7.1853, 153, 0.00120, 0.00000, 1.38655, 2407, True, 0.70, 2.84
       mppi-same-injected, 4096, 20, 7.9050, 139, 0.00116, 0.00000, 2.04830, 2408, True, 0.70, 3.11
       mppi-same-injected, 4096, 20, 7.7473, 121, 0.00116, 0.00000, 1.39358, 2409, True, 0.70, 3.37
       mppi-same-injected, 4096, 20, 7.7273, 134, 0.00122, 0.00000, 1.65152, 2410, True, 0.70, 3.63
       mppi-same-injected, 4096, 20, 7.4821, 177, 0.00113, 0.00000, 1.72330, 2411, True, 0.70, 3.89
       mppi-same-injected, 4096, 20, 7.9133, 102, 0.00117, 0.00000, 1.93046, 2412, True, 0.70, 4.16
       mppi-same-injected, 4096, 20, 7.4294, 182, 0.00115, 0.00000, 1.26424, 2413, True, 0.70, 4.42
       mppi-same-injected, 4096, 20, 7.5508, 124, 0.00117, 0.00000, 1.77457, 2414, True, 0.70, 4.68
       mppi-same-injected, 4096, 20, 7.8080, 106, 0.00119, 0.00000, 1.43931, 2415, True, 0.70, 4.95
       mppi-same-injected, 4096, 20, 7.8862, 167, 0.00117, 0.00000, 2.04618, 2416, True, 0.70, 5.21
       mppi-same-injected, 4096, 20, 6.9820, 106, 0.00131, 0.00000, 1.92716, 2417, True, 0.70, 5.47
       mppi-same-injected, 4096, 20, 7.8850, 221, 0.00115, 0.00000, 1.46213, 2418, True, 0.70, 5.74
       mppi-same-injected, 4096, 20, 7.0780, 157, 0.00120, 0.00000, 1.19512, 2419, True, 0.70, 6.00
       mppi-same-injected, 4096, 20, 6.1581, 201, 0.00102, 0.00000, 0.13759, 2420, False, 0.75, 1.00
       mppi-same-injected, 4096, 20, 7.4095, 256, 0.00103, 0.00000, 1.29189, 2421, False, 0.75, 1.26
       mppi-same-injected, 4096, 20, 7.0060, 211, 0.00109, 0.00000, 1.33861, 2422, True, 0.75, 1.53
       mppi-same-injected, 4096, 20, 7.4850, 154, 0.00114, 0.00000, 1.65497, 2423, True, 0.75, 1.79
       mppi-same-injected, 4096, 20, 7.3029, 190, 0.00111, 0.00000, 1.17497, 2424, False, 0.75, 2.05
       mppi-same-injected, 4096, 20, 7.4483, 130, 0.00114, 0.00000, 1.43393, 2425, True, 0.75, 2.32
       mppi-same-injected, 4096, 20, 7.0316, 189, 0.00122, 0.00000, 1.54606, 2426, True, 0.75, 2.58
       mppi-same-injected, 4096, 20, 6.7514, 149, 0.00111, 0.00000, 0.40935, 2427, False, 0.75, 2.84
       mppi-same-injected, 4096, 20, 7.0648, 160, 0.00111, 0.00000, 0.91358, 2428, False, 0.75, 3.11
       mppi-same-injected, 4096, 20, 6.4743, 167, 0.00115, 0.00000, 0.22477, 2429, False, 0.75, 3.37
       mppi-same-injected, 4096, 20, 7.1144, 153, 0.00121, 0.00000, 1.84438, 2430, True, 0.75, 3.63
       mppi-same-injected, 4096, 20, 7.6662, 170, 0.00118, 0.00000, 1.93215, 2431, True, 0.75, 3.89
       mppi-same-injected, 4096, 20, 7.5886, 177, 0.00118, 0.00000, 1.74925, 2432, True, 0.75, 4.16
       mppi-same-injected, 4096, 20, 7.4747, 205, 0.00114, 0.00000, 1.53078, 2433, True, 0.75, 4.42
       mppi-same-injected, 4096, 20, 8.1180, 188, 0.00111, 0.00000, 1.41137, 2434, True, 0.75, 4.68
       mppi-same-injected, 4096, 20, 6.7295, 144, 0.00117, 0.00000, 0.61327, 2435, False, 0.75, 4.95
       mppi-same-injected, 4096, 20, 8.2040, 154, 0.00112, 0.00000, 1.68877, 2436, True, 0.75, 5.21
       mppi-same-injected, 4096, 20, 7.6812, 189, 0.00116, 0.00000, 1.38955, 2437, True, 0.75, 5.47
       mppi-same-injected, 4096, 20, 7.4640, 134, 0.00119, 0.00000, 1.54390, 2438, True, 0.75, 5.74
       mppi-same-injected, 4096, 20, 7.5320, 147, 0.00115, 0.00000, 1.55974, 2439, True, 0.75, 6.00
       mppi-same-injected, 4096, 20, 5.9114, 228, 0.00111, 0.00000, 0.18001, 2440, False, 0.80, 1.00
       mppi-same-injected, 4096, 20, 6.2619, 198, 0.00107, 0.00000, 0.20765, 2441, False, 0.80, 1.26
       mppi-same-injected, 4096, 20, 6.0800, 193, 0.00113, 0.00000, 0.21292, 2442, False, 0.80, 1.53
       mppi-same-injected, 4096, 20, 5.4686, 186, 0.00123, 0.00000, 0.52823, 2443, False, 0.80, 1.79
       mppi-same-injected, 4096, 20, 6.0295, 206, 0.00121, 0.00000, 0.16944, 2444, False, 0.80, 2.05
       mppi-same-injected, 4096, 20, 5.7314, 190, 0.00129, 0.00000, 0.28308, 2445, False, 0.80, 2.32
       mppi-same-injected, 4096, 20, 6.4962, 153, 0.00113, 0.00000, 0.23846, 2446, False, 0.80, 2.58
       mppi-same-injected, 4096, 20, 7.6475, 165, 0.00117, 0.00000, 1.50575, 2447, True, 0.80, 2.84
       mppi-same-injected, 4096, 20, 6.7876, 165, 0.00114, 0.00000, 0.76019, 2448, False, 0.80, 3.11
       mppi-same-injected, 4096, 20, 8.0929, 170, 0.00117, 0.00000, 1.65393, 2449, True, 0.80, 3.37
       mppi-same-injected, 4096, 20, 7.3886, 152, 0.00107, 0.00000, 0.48715, 2450, False, 0.80, 3.63
       mppi-same-injected, 4096, 20, 7.6371, 203, 0.00114, 0.00000, 1.94897, 2451, False, 0.80, 3.89
       mppi-same-injected, 4096, 20, 6.9114, 138, 0.00112, 0.00000, 0.59148, 2452, False, 0.80, 4.16
       mppi-same-injected, 4096, 20, 7.0876, 160, 0.00118, 0.00000, 0.99932, 2453, False, 0.80, 4.42
       mppi-same-injected, 4096, 20, 8.2733, 166, 0.00112, 0.00000, 2.02130, 2454, True, 0.80, 4.68
       mppi-same-injected, 4096, 20, 7.8667, 170, 0.00113, 0.00000, 1.19570, 2455, False, 0.80, 4.95
       mppi-same-injected, 4096, 20, 6.5829, 147, 0.00120, 0.00000, 0.41225, 2456, False, 0.80, 5.21
       mppi-same-injected, 4096, 20, 7.3962, 155, 0.00117, 0.00000, 1.25382, 2457, False, 0.80, 5.47
       mppi-same-injected, 4096, 20, 7.0810, 150, 0.00120, 0.00000, 0.95518, 2458, False, 0.80, 5.74
       mppi-same-injected, 4096, 20, 6.6638, 143, 0.00117, 0.00000, 0.35545, 2459, False, 0.80, 6.00
       mppi-same-injected, 4096, 20, 5.8038, 240, 0.00113, 0.00000, 0.14164, 2460, False, 0.85, 1.00
       mppi-same-injected, 4096, 20, 5.8800, 225, 0.00115, 0.00000, 0.26868, 2461, False, 0.85, 1.26
       mppi-same-injected, 4096, 20, 6.1514, 184, 0.00111, 0.00000, 0.42862, 2462, False, 0.85, 1.53
       mppi-same-injected, 4096, 20, 6.0743, 201, 0.00118, 0.00000, 0.18702, 2463, False, 0.85, 1.79
       mppi-same-injected, 4096, 20, 7.7671, 165, 0.00109, 0.00000, 1.83440, 2464, True, 0.85, 2.05
       mppi-same-injected, 4096, 20, 5.8257, 194, 0.00131, 0.00000, 0.19982, 2465, False, 0.85, 2.32
       mppi-same-injected, 4096, 20, 5.7971, 195, 0.00131, 0.00000, 0.22350, 2466, False, 0.85, 2.58
       mppi-same-injected, 4096, 20, 6.0257, 177, 0.00128, 0.00000, 0.17095, 2467, False, 0.85, 2.84
       mppi-same-injected, 4096, 20, 7.1790, 147, 0.00107, 0.00000, 0.48988, 2468, False, 0.85, 3.11
       mppi-same-injected, 4096, 20, 6.6524, 155, 0.00113, 0.00000, 0.36793, 2469, False, 0.85, 3.37
       mppi-same-injected, 4096, 20, 6.5562, 167, 0.00113, 0.00000, 0.30759, 2470, False, 0.85, 3.63
       mppi-same-injected, 4096, 20, 7.7257, 160, 0.00112, 0.00000, 1.05291, 2471, False, 0.85, 3.89
       mppi-same-injected, 4096, 20, 6.1924, 159, 0.00126, 0.00000, 0.27112, 2472, False, 0.85, 4.16
       mppi-same-injected, 4096, 20, 6.2248, 156, 0.00122, 0.00000, 0.19827, 2473, False, 0.85, 4.42
       mppi-same-injected, 4096, 20, 6.3571, 155, 0.00120, 0.00000, 0.36605, 2474, False, 0.85, 4.68
       mppi-same-injected, 4096, 20, 7.8411, 185, 0.00122, 0.00000, 2.21047, 2475, True, 0.85, 4.95
       mppi-same-injected, 4096, 20, 6.0429, 147, 0.00128, 0.00000, 0.19705, 2476, False, 0.85, 5.21
       mppi-same-injected, 4096, 20, 6.0981, 137, 0.00128, 0.00000, 0.15903, 2477, False, 0.85, 5.47
       mppi-same-injected, 4096, 20, 7.0476, 148, 0.00116, 0.00000, 0.65108, 2478, False, 0.85, 5.74
       mppi-same-injected, 4096, 20, 7.0724, 139, 0.00112, 0.00000, 0.43269, 2479, False, 0.85, 6.00
       mppi-same-injected, 4096, 20, 4.9410, 149, 0.00110, 0.00000, 0.31991, 2480, False, 0.90, 1.00
       mppi-same-injected, 4096, 20, 5.4400, 212, 0.00118, 0.00000, 0.44657, 2481, False, 0.90, 1.26
       mppi-same-injected, 4096, 20, 5.8533, 226, 0.00116, 0.00000, 0.15422, 2482, False, 0.90, 1.53
       mppi-same-injected, 4096, 20, 4.9267, 161, 0.00126, 0.00000, 0.31292, 2483, False, 0.90, 1.79
       mppi-same-injected, 4096, 20, 6.1248, 189, 0.00121, 0.00000, 0.51676, 2484, False, 0.90, 2.05
       mppi-same-injected, 4096, 20, 5.8200, 183, 0.00120, 0.00000, 0.46729, 2485, False, 0.90, 2.32
       mppi-same-injected, 4096, 20, 5.9295, 191, 0.00127, 0.00000, 0.25795, 2486, False, 0.90, 2.58
       mppi-same-injected, 4096, 20, 6.1771, 185, 0.00121, 0.00000, 0.33405, 2487, False, 0.90, 2.84
       mppi-same-injected, 4096, 20, 6.3143, 161, 0.00118, 0.00000, 0.25806, 2488, False, 0.90, 3.11
       mppi-same-injected, 4096, 20, 6.9210, 142, 0.00113, 0.00000, 0.59817, 2489, False, 0.90, 3.37
       mppi-same-injected, 4096, 20, 6.0981, 148, 0.00124, 0.00000, 0.23999, 2490, False, 0.90, 3.63
       mppi-same-injected, 4096, 20, 7.4724, 168, 0.00113, 0.00000, 1.11957, 2491, False, 0.90, 3.89
       mppi-same-injected, 4096, 20, 5.8267, 159, 0.00139, 0.00000, 0.25660, 2492, False, 0.90, 4.16
       mppi-same-injected, 4096, 20, 6.2333, 152, 0.00125, 0.00000, 0.24396, 2493, False, 0.90, 4.42
       mppi-same-injected, 4096, 20, 6.1076, 152, 0.00127, 0.00000, 0.13144, 2494, False, 0.90, 4.68
       mppi-same-injected, 4096, 20, 6.3752, 140, 0.00119, 0.00000, 0.22124, 2495, False, 0.90, 4.95
       mppi-same-injected, 4096, 20, 6.3590, 156, 0.00122, 0.00000, 0.16544, 2496, False, 0.90, 5.21
       mppi-same-injected, 4096, 20, 6.1086, 148, 0.00129, 0.00000, 0.26730, 2497, False, 0.90, 5.47
       mppi-same-injected, 4096, 20, 6.1400, 149, 0.00131, 0.00000, 0.26215, 2498, False, 0.90, 5.74
       mppi-same-injected, 4096, 20, 6.0524, 138, 0.00129, 0.00000, 0.22849, 2499, False, 0.90, 6.00
       mppi-same-injected, 4096, 20, 7.5455, 163, 0.00105, 0.00000, 1.62752, 2500, True, 0.50, 1.00
       mppi-same-injected, 4096, 20, 8.2700, 128, 0.00114, 0.00000, 1.48242, 2501, True, 0.50, 1.26
       mppi-same-injected, 4096, 20, 7.5367, 133, 0.00114, 0.00000, 1.36242, 2502, True, 0.50, 1.53
       mppi-same-injected, 4096, 20, 7.9143, 107, 0.00111, 0.00000, 1.80418, 2503, True, 0.50, 1.79
       mppi-same-injected, 4096, 20, 8.0333, 95, 0.00118, 0.00000, 1.33505, 2504, True, 0.50, 2.05
       mppi-same-injected, 4096, 20, 7.8800, 128, 0.00121, 0.00000, 1.23628, 2505, True, 0.50, 2.32
       mppi-same-injected, 4096, 20, 8.0280, 85, 0.00119, 0.00000, 1.45627, 2506, True, 0.50, 2.58
       mppi-same-injected, 4096, 20, 8.3433, 88, 0.00118, 0.00000, 2.10436, 2507, True, 0.50, 2.84
       mppi-same-injected, 4096, 20, 8.5686, 101, 0.00115, 0.00000, 2.09527, 2508, True, 0.50, 3.11
       mppi-same-injected, 4096, 20, 8.5000, 90, 0.00118, 0.00000, 1.98853, 2509, True, 0.50, 3.37
       mppi-same-injected, 4096, 20, 7.3725, 112, 0.00119, 0.00000, 1.39075, 2510, True, 0.50, 3.63
       mppi-same-injected, 4096, 20, 9.4800, 77, 0.00114, 0.00000, 2.32022, 2511, True, 0.50, 3.89
       mppi-same-injected, 4096, 20, 8.9000, 76, 0.00115, 0.00000, 2.23195, 2512, True, 0.50, 4.16
       mppi-same-injected, 4096, 20, 8.3267, 79, 0.00123, 0.00000, 1.91881, 2513, True, 0.50, 4.42
       mppi-same-injected, 4096, 20, 7.9711, 86, 0.00121, 0.00000, 1.63580, 2514, True, 0.50, 4.68
       mppi-same-injected, 4096, 20, 7.5380, 117, 0.00121, 0.00000, 1.86669, 2515, True, 0.50, 4.95
       mppi-same-injected, 4096, 20, 7.7560, 93, 0.00122, 0.00000, 1.45291, 2516, True, 0.50, 5.21
       mppi-same-injected, 4096, 20, 7.5240, 62, 0.00125, 0.00000, 1.07431, 2517, True, 0.50, 5.47
       mppi-same-injected, 4096, 20, 7.9733, 64, 0.00125, 0.00000, 2.07370, 2518, True, 0.50, 5.74
       mppi-same-injected, 4096, 20, 8.0580, 96, 0.00121, 0.00000, 1.83923, 2519, True, 0.50, 6.00
       mppi-same-injected, 4096, 20, 7.5117, 178, 0.00103, 0.00000, 1.53429, 2520, True, 0.55, 1.00
       mppi-same-injected, 4096, 20, 7.5133, 175, 0.00109, 0.00000, 1.89192, 2521, True, 0.55, 1.26
       mppi-same-injected, 4096, 20, 8.0080, 129, 0.00114, 0.00000, 1.28596, 2522, True, 0.55, 1.53
       mppi-same-injected, 4096, 20, 7.9029, 108, 0.00112, 0.00000, 2.16384, 2523, True, 0.55, 1.79
       mppi-same-injected, 4096, 20, 8.2086, 114, 0.00116, 0.00000, 2.30056, 2524, True, 0.55, 2.05
       mppi-same-injected, 4096, 20, 7.9167, 82, 0.00119, 0.00000, 1.64541, 2525, True, 0.55, 2.32
       mppi-same-injected, 4096, 20, 8.0900, 119, 0.00115, 0.00000, 2.41093, 2526, True, 0.55, 2.58
       mppi-same-injected, 4096, 20, 7.6620, 128, 0.00119, 0.00000, 1.72157, 2527, True, 0.55, 2.84
       mppi-same-injected, 4096, 20, 8.2333, 85, 0.00119, 0.00000, 1.68367, 2528, True, 0.55, 3.11
       mppi-same-injected, 4096, 20, 7.7800, 112, 0.00116, 0.00000, 1.48759, 2529, True, 0.55, 3.37
       mppi-same-injected, 4096, 20, 7.9950, 101, 0.00118, 0.00000, 2.04655, 2530, True, 0.55, 3.63
       mppi-same-injected, 4096, 20, 7.8400, 109, 0.00115, 0.00000, 1.69774, 2531, True, 0.55, 3.89
       mppi-same-injected, 4096, 20, 8.6933, 94, 0.00116, 0.00000, 2.36583, 2532, True, 0.55, 4.16
       mppi-same-injected, 4096, 20, 7.6300, 135, 0.00117, 0.00000, 3.51776, 2533, True, 0.55, 4.42
       mppi-same-injected, 4096, 20, 9.0120, 84, 0.00118, 0.00000, 2.30639, 2534, True, 0.55, 4.68
       mppi-same-injected, 4096, 20, 7.7020, 131, 0.00117, 0.00000, 3.28324, 2535, True, 0.55, 4.95
       mppi-same-injected, 4096, 20, 8.8533, 92, 0.00123, 0.00000, 2.68861, 2536, True, 0.55, 5.21
       mppi-same-injected, 4096, 20, 7.4000, 155, 0.00118, 0.00000, 1.49598, 2537, True, 0.55, 5.47
       mppi-same-injected, 4096, 20, 7.2033, 141, 0.00119, 0.00000, 1.21023, 2538, True, 0.55, 5.74
       mppi-same-injected, 4096, 20, 7.9867, 90, 0.00114, 0.00000, 1.52388, 2539, True, 0.55, 6.00
       mppi-same-injected, 4096, 20, 7.9920, 182, 0.00104, 0.00000, 1.72040, 2540, True, 0.60, 1.00
       mppi-same-injected, 4096, 20, 7.4709, 159, 0.00106, 0.00000, 1.59634, 2541, True, 0.60, 1.26
       mppi-same-injected, 4096, 20, 7.5083, 178, 0.00112, 0.00000, 3.16123, 2542, True, 0.60, 1.53
       mppi-same-injected, 4096, 20, 7.9829, 112, 0.00113, 0.00000, 2.12889, 2543, True, 0.60, 1.79
       mppi-same-injected, 4096, 20, 7.4631, 167, 0.00111, 0.00000, 2.94859, 2544, True, 0.60, 2.05
       mppi-same-injected, 4096, 20, 7.7660, 129, 0.00116, 0.00000, 2.04927, 2545, True, 0.60, 2.32
       mppi-same-injected, 4096, 20, 8.7067, 90, 0.00109, 0.00000, 2.05646, 2546, True, 0.60, 2.58
       mppi-same-injected, 4096, 20, 7.3271, 177, 0.00119, 0.00000, 1.92322, 2547, True, 0.60, 2.84
       mppi-same-injected, 4096, 20, 7.4257, 121, 0.00118, 0.00000, 1.53264, 2548, True, 0.60, 3.11
       mppi-same-injected, 4096, 20, 8.4286, 91, 0.00118, 0.00000, 1.51314, 2549, True, 0.60, 3.37
       mppi-same-injected, 4096, 20, 7.5533, 105, 0.00111, 0.00000, 1.53484, 2550, True, 0.60, 3.63
       mppi-same-injected, 4096, 20, 8.7000, 115, 0.00117, 0.00000, 2.30083, 2551, True, 0.60, 3.89
       mppi-same-injected, 4096, 20, 8.7229, 91, 0.00118, 0.00000, 1.94837, 2552, True, 0.60, 4.16
       mppi-same-injected, 4096, 20, 8.0600, 105, 0.00119, 0.00000, 1.61679, 2553, True, 0.60, 4.42
       mppi-same-injected, 4096, 20, 7.7933, 152, 0.00114, 0.00000, 2.02108, 2554, True, 0.60, 4.68
       mppi-same-injected, 4096, 20, 7.5073, 136, 0.00116, 0.00000, 1.39136, 2555, True, 0.60, 4.95
       mppi-same-injected, 4096, 20, 7.3556, 86, 0.00121, 0.00000, 0.96539, 2556, True, 0.60, 5.21
       mppi-same-injected, 4096, 20, 8.5550, 103, 0.00116, 0.00000, 2.29100, 2557, True, 0.60, 5.47
       mppi-same-injected, 4096, 20, 7.7200, 134, 0.00118, 0.00000, 1.49300, 2558, True, 0.60, 5.74
       mppi-same-injected, 4096, 20, 7.3508, 163, 0.00117, 0.00000, 1.25280, 2559, True, 0.60, 6.00
       mppi-same-injected, 4096, 20, 6.3543, 185, 0.00097, 0.00000, 0.16308, 2560, False, 0.65, 1.00
       mppi-same-injected, 4096, 20, 7.2856, 226, 0.00109, 0.00000, 1.25166, 2561, True, 0.65, 1.26
       mppi-same-injected, 4096, 20, 7.4083, 166, 0.00111, 0.00000, 1.96705, 2562, True, 0.65, 1.53
       mppi-same-injected, 4096, 20, 7.2109, 144, 0.00119, 0.00000, 1.42997, 2563, True, 0.65, 1.79
       mppi-same-injected, 4096, 20, 7.5567, 163, 0.00117, 0.00000, 1.89972, 2564, True, 0.65, 2.05
       mppi-same-injected, 4096, 20, 7.2556, 147, 0.00115, 0.00000, 1.10874, 2565, True, 0.65, 2.32
       mppi-same-injected, 4096, 20, 7.7783, 138, 0.00117, 0.00000, 1.42039, 2566, True, 0.65, 2.58
       mppi-same-injected, 4096, 20, 7.9727, 134, 0.00116, 0.00000, 2.19363, 2567, True, 0.65, 2.84
       mppi-same-injected, 4096, 20, 8.7886, 102, 0.00116, 0.00000, 2.14809, 2568, True, 0.65, 3.11
       mppi-same-injected, 4096, 20, 8.6622, 121, 0.00113, 0.00000, 2.12022, 2569, True, 0.65, 3.37
       mppi-same-injected, 4096, 20, 7.7183, 135, 0.00117, 0.00000, 2.13260, 2570, True, 0.65, 3.63
       mppi-same-injected, 4096, 20, 7.7460, 109, 0.00121, 0.00000, 1.69205, 2571, True, 0.65, 3.89
       mppi-same-injected, 4096, 20, 7.6714, 165, 0.00117, 0.00000, 3.16405, 2572, True, 0.65, 4.16
       mppi-same-injected, 4096, 20, 7.7323, 157, 0.00114, 0.00000, 1.09599, 2573, True, 0.65, 4.42
       mppi-same-injected, 4096, 20, 7.8873, 113, 0.00116, 0.00000, 1.85002, 2574, True, 0.65, 4.68
       mppi-same-injected, 4096, 20, 6.6724, 162, 0.00117, 0.00000, 0.65035, 2575, False, 0.65, 4.95
       mppi-same-injected, 4096, 20, 7.9000, 99, 0.00119, 0.00000, 1.82501, 2576, True, 0.65, 5.21
       mppi-same-injected, 4096, 20, 8.0217, 138, 0.00118, 0.00000, 1.90661, 2577, True, 0.65, 5.47
       mppi-same-injected, 4096, 20, 7.3150, 110, 0.00118, 0.00000, 1.03792, 2578, True, 0.65, 5.74
       mppi-same-injected, 4096, 20, 7.3867, 84, 0.00121, 0.00000, 1.05139, 2579, True, 0.65, 6.00
       mppi-same-injected, 4096, 20, 6.4295, 171, 0.00098, 0.00000, 0.21458, 2580, False, 0.70, 1.00
       mppi-same-injected, 4096, 20, 7.1650, 221, 0.00112, 0.00000, 1.63512, 2581, True, 0.70, 1.26
       mppi-same-injected, 4096, 20, 7.5120, 161, 0.00118, 0.00000, 1.55849, 2582, True, 0.70, 1.53
       mppi-same-injected, 4096, 20, 7.3717, 164, 0.00114, 0.00000, 1.80413, 2583, True, 0.70, 1.79
       mppi-same-injected, 4096, 20, 7.8709, 138, 0.00113, 0.00000, 1.80978, 2584, True, 0.70, 2.05
       mppi-same-injected, 4096, 20, 7.4055, 144, 0.00117, 0.00000, 2.02969, 2585, True, 0.70, 2.32
       mppi-same-injected, 4096, 20, 7.4846, 152, 0.00120, 0.00000, 1.36565, 2586, True, 0.70, 2.58
       mppi-same-injected, 4096, 20, 7.7060, 149, 0.00117, 0.00000, 3.62426, 2587, True, 0.70, 2.84
       mppi-same-injected, 4096, 20, 7.4925, 168, 0.00116, 0.00000, 1.82516, 2588, True, 0.70, 3.11
       mppi-same-injected, 4096, 20, 7.0965, 189, 0.00121, 0.00000, 1.36851, 2589, True, 0.70, 3.37
       mppi-same-injected, 4096, 20, 8.0436, 132, 0.00119, 0.00000, 1.69757, 2590, True, 0.70, 3.63
       mppi-same-injected, 4096, 20, 8.6686, 99, 0.00118, 0.00000, 2.22232, 2591, True, 0.70, 3.89
       mppi-same-injected, 4096, 20, 8.2943, 153, 0.00115, 0.00000, 1.96708, 2592, True, 0.70, 4.16
       mppi-same-injected, 4096, 20, 8.0564, 124, 0.00119, 0.00000, 1.90188, 2593, True, 0.70, 4.42
       mppi-same-injected, 4096, 20, 8.4018, 124, 0.00116, 0.00000, 1.93207, 2594, True, 0.70, 4.68
       mppi-same-injected, 4096, 20, 7.4653, 159, 0.00122, 0.00000, 1.52994, 2595, True, 0.70, 4.95
       mppi-same-injected, 4096, 20, 8.1044, 138, 0.00116, 0.00000, 1.68446, 2596, True, 0.70, 5.21
       mppi-same-injected, 4096, 20, 7.7671, 170, 0.00118, 0.00000, 2.07707, 2597, True, 0.70, 5.47
       mppi-same-injected, 4096, 20, 8.2900, 132, 0.00120, 0.00000, 1.89079, 2598, True, 0.70, 5.74
       mppi-same-injected, 4096, 20, 7.0547, 124, 0.00124, 0.00000, 1.21074, 2599, True, 0.70, 6.00
       mppi-same-injected, 4096, 20, 6.0438, 202, 0.00103, 0.00000, 0.15101, 2600, False, 0.75, 1.00
       mppi-same-injected, 4096, 20, 6.5267, 160, 0.00100, 0.00000, 0.27715, 2601, False, 0.75, 1.26
       mppi-same-injected, 4096, 20, 6.7181, 159, 0.00102, 0.00000, 0.27457, 2602, False, 0.75, 1.53
       mppi-same-injected, 4096, 20, 7.5082, 206, 0.00114, 0.00000, 1.53918, 2603, True, 0.75, 1.79
       mppi-same-injected, 4096, 20, 7.3310, 187, 0.00111, 0.00000, 1.24742, 2604, True, 0.75, 2.05
       mppi-same-injected, 4096, 20, 7.4329, 162, 0.00116, 0.00000, 1.52916, 2605, True, 0.75, 2.32
       mppi-same-injected, 4096, 20, 6.5171, 181, 0.00116, 0.00000, 0.58483, 2606, False, 0.75, 2.58
       mppi-same-injected, 4096, 20, 7.6785, 141, 0.00115, 0.00000, 1.75822, 2607, True, 0.75, 2.84
       mppi-same-injected, 4096, 20, 8.0686, 160, 0.00116, 0.00000, 2.06630, 2608, True, 0.75, 3.11
       mppi-same-injected, 4096, 20, 7.4789, 181, 0.00116, 0.00000, 1.88017, 2609, True, 0.75, 3.37
       mppi-same-injected, 4096, 20, 7.9057, 149, 0.00114, 0.00000, 1.83368, 2610, True, 0.75, 3.63
       mppi-same-injected, 4096, 20, 7.4305, 197, 0.00118, 0.00000, 1.76624, 2611, False, 0.75, 3.89
       mppi-same-injected, 4096, 20, 8.5000, 120, 0.00119, 0.00000, 2.41077, 2612, True, 0.75, 4.16
       mppi-same-injected, 4096, 20, 7.6453, 185, 0.00116, 0.00000, 1.79561, 2613, True, 0.75, 4.42
       mppi-same-injected, 4096, 20, 7.0674, 209, 0.00124, 0.00000, 2.78468, 2614, True, 0.75, 4.68
       mppi-same-injected, 4096, 20, 6.9162, 154, 0.00115, 0.00000, 0.62230, 2615, False, 0.75, 4.95
       mppi-same-injected, 4096, 20, 6.8952, 152, 0.00117, 0.00000, 0.72608, 2616, False, 0.75, 5.21
       mppi-same-injected, 4096, 20, 7.2600, 144, 0.00112, 0.00000, 0.69400, 2617, False, 0.75, 5.47
       mppi-same-injected, 4096, 20, 7.8133, 157, 0.00117, 0.00000, 1.49531, 2618, True, 0.75, 5.74
       mppi-same-injected, 4096, 20, 8.0837, 171, 0.00117, 0.00000, 2.30811, 2619, True, 0.75, 6.00
                   ccmppi, 4096, 20, 4.1514, 233, 0.00198, 0.00000, 0.27091, 2796, False, 0.50, 1.00
                   ccmppi, 4096, 20, 4.1962, 199, 0.00209, 0.00000, 0.32004, 2797, False, 0.50, 1.50
                   ccmppi, 4096, 20, 4.2190, 174, 0.00216, 0.00000, 0.28529, 2798, False, 0.50, 2.00
                   ccmppi, 4096, 20, 4.1981, 168, 0.00216, 0.00000, 0.32648, 2799, False, 0.50, 2.50
                   ccmppi, 4096, 20, 4.2514, 165, 0.00221, 0.00000, 0.40207, 2800, False, 0.50, 3.00
                   ccmppi, 4096, 20, 4.3238, 145, 0.00218, 0.00000, 0.42911, 2801, False, 0.50, 3.50
                   ccmppi, 4096, 20, 4.1848, 143, 0.00225, 0.00000, 0.41610, 2802, False, 0.50, 4.00
                   ccmppi, 4096, 20, 4.2762, 155, 0.00238, 0.00000, 0.61951, 2803, False, 0.50, 4.50
                   ccmppi, 4096, 20, 4.2533, 147, 0.00227, 0.00000, 0.27314, 2804, False, 0.50, 5.00
                   ccmppi, 4096, 20, 4.3676, 138, 0.00225, 0.00000, 0.59725, 2805, False, 0.50, 5.50
                   ccmppi, 4096, 20, 4.3010, 146, 0.00225, 0.00000, 0.51082, 2806, False, 0.50, 6.00
                   ccmppi, 4096, 20, 4.1000, 225, 0.00199, 0.00000, 0.42350, 2807, False, 0.55, 1.00
                   ccmppi, 4096, 20, 4.0076, 185, 0.00209, 0.00000, 0.29974, 2808, False, 0.55, 1.50
                   ccmppi, 4096, 20, 4.1886, 185, 0.00210, 0.00000, 0.25121, 2809, False, 0.55, 2.00
                   ccmppi, 4096, 20, 4.2600, 176, 0.00222, 0.00000, 0.32805, 2810, False, 0.55, 2.50
                   ccmppi, 4096, 20, 4.1276, 121, 0.00223, 0.00000, 0.32849, 2811, False, 0.55, 3.00
                   ccmppi, 4096, 20, 4.2724, 172, 0.00221, 0.00000, 0.34440, 2812, False, 0.55, 3.00
                   ccmppi, 4096, 20, 4.1819, 142, 0.00221, 0.00000, 0.24023, 2813, False, 0.55, 3.50
                   ccmppi, 4096, 20, 4.1781, 137, 0.00224, 0.00000, 0.18089, 2814, False, 0.55, 4.00
                   ccmppi, 4096, 20, 4.2848, 130, 0.00217, 0.00000, 0.35787, 2815, False, 0.55, 4.50
                   ccmppi, 4096, 20, 4.2514, 137, 0.00228, 0.00000, 0.50831, 2816, False, 0.55, 5.00
                   ccmppi, 4096, 20, 4.2286, 145, 0.00233, 0.00000, 0.55722, 2817, False, 0.55, 5.50
                   ccmppi, 4096, 20, 4.2648, 139, 0.00236, 0.00000, 0.23331, 2818, False, 0.55, 6.00
                   ccmppi, 4096, 20, 4.0990, 239, 0.00205, 0.00000, 0.17712, 2819, False, 0.60, 1.00
                   ccmppi, 4096, 20, 4.1295, 195, 0.00211, 0.00000, 0.20643, 2820, False, 0.60, 1.50
                   ccmppi, 4096, 20, 4.1048, 186, 0.00213, 0.00000, 0.41376, 2821, False, 0.60, 2.00
                   ccmppi, 4096, 20, 4.1905, 180, 0.00217, 0.00000, 0.29372, 2822, False, 0.60, 2.50
                   ccmppi, 4096, 20, 4.1543, 169, 0.00220, 0.00000, 0.39982, 2823, False, 0.60, 3.00
                   ccmppi, 4096, 20, 4.3724, 158, 0.00219, 0.00000, 0.52556, 2824, False, 0.60, 3.50
                   ccmppi, 4096, 20, 4.1724, 155, 0.00223, 0.00000, 0.40414, 2825, False, 0.60, 4.00
                   ccmppi, 4096, 20, 4.2124, 136, 0.00226, 0.00000, 0.19736, 2826, False, 0.60, 4.50
                   ccmppi, 4096, 20, 4.3333, 153, 0.00225, 0.00000, 0.36844, 2827, False, 0.60, 5.00
                   ccmppi, 4096, 20, 4.6333, 146, 0.00236, 0.00000, 1.18921, 2829, False, 0.60, 6.00
                   ccmppi, 4096, 20, 4.1019, 205, 0.00202, 0.00000, 0.22296, 2830, False, 0.65, 1.00
                   ccmppi, 4096, 20, 4.2162, 186, 0.00209, 0.00000, 0.34600, 2831, False, 0.65, 1.50
                   ccmppi, 4096, 20, 4.1324, 156, 0.00212, 0.00000, 0.25720, 2832, False, 0.65, 2.00
                   ccmppi, 4096, 20, 4.1695, 164, 0.00215, 0.00000, 0.31470, 2833, False, 0.65, 2.50
                   ccmppi, 4096, 20, 4.2410, 145, 0.00215, 0.00000, 0.31195, 2834, False, 0.65, 3.00
                   ccmppi, 4096, 20, 4.1771, 128, 0.00219, 0.00000, 0.21552, 2835, False, 0.65, 3.50
                   ccmppi, 4096, 20, 4.1286, 157, 0.00234, 0.00000, 0.23082, 2836, False, 0.65, 4.00
                   ccmppi, 4096, 20, 4.2905, 149, 0.00226, 0.00000, 0.31451, 2837, False, 0.65, 4.50
                   ccmppi, 4096, 20, 4.2048, 141, 0.00229, 0.00000, 0.21619, 2838, False, 0.65, 5.00
                   ccmppi, 4096, 20, 4.0914, 126, 0.00225, 0.00000, 0.23222, 2839, False, 0.65, 5.50
                   ccmppi, 4096, 20, 4.2486, 138, 0.00232, 0.00000, 0.25497, 2840, False, 0.65, 6.00
                   ccmppi, 4096, 20, 4.0743, 233, 0.00202, 0.00000, 0.25434, 2841, False, 0.70, 1.00
                   ccmppi, 4096, 20, 4.4714, 293, 0.00247, 0.00000, 0.74085, 2842, False, 0.70, 1.50
                   ccmppi, 4096, 20, 4.0495, 171, 0.00218, 0.00000, 0.46805, 2843, False, 0.70, 2.00
                   ccmppi, 4096, 20, 4.2038, 188, 0.00219, 0.00000, 0.47206, 2844, False, 0.70, 2.50
                   ccmppi, 4096, 20, 4.1533, 161, 0.00218, 0.00000, 0.29596, 2845, False, 0.70, 3.00
                   ccmppi, 4096, 20, 4.2295, 176, 0.00225, 0.00000, 0.26451, 2846, False, 0.70, 3.50
                   ccmppi, 4096, 20, 4.2210, 144, 0.00225, 0.00000, 0.28429, 2847, False, 0.70, 4.00
                   ccmppi, 4096, 20, 4.1781, 142, 0.00225, 0.00000, 0.38102, 2848, False, 0.70, 4.50
                   ccmppi, 4096, 20, 4.4486, 143, 0.00222, 0.00000, 0.54113, 2849, False, 0.70, 5.00
                   ccmppi, 4096, 20, 4.2495, 123, 0.00223, 0.00000, 0.35860, 2850, False, 0.70, 5.50
                   ccmppi, 4096, 20, 4.1480, 57, 0.00262, 0.00000, 1.20675, 2851, True, 0.70, 6.00
                   ccmppi, 4096, 20, 4.0771, 269, 0.00207, 0.00000, 0.17230, 2852, False, 0.75, 1.00
                   ccmppi, 4096, 20, 4.0810, 217, 0.00213, 0.00000, 0.24178, 2853, False, 0.75, 1.50
                   ccmppi, 4096, 20, 5.0300, 61, 0.00270, 0.00000, 0.39000, 2854, True, 0.75, 2.00
                   ccmppi, 4096, 20, 4.1352, 151, 0.00223, 0.00000, 0.25139, 2855, False, 0.75, 2.50
                   ccmppi, 4096, 20, 4.2486, 180, 0.00229, 0.00000, 0.26285, 2856, False, 0.75, 3.00
                   ccmppi, 4096, 20, 4.3095, 162, 0.00218, 0.00000, 0.34001, 2857, False, 0.75, 3.50
                   ccmppi, 4096, 20, 4.4886, 167, 0.00229, 0.00000, 0.87201, 2858, False, 0.75, 4.00
                   ccmppi, 4096, 20, 4.2390, 137, 0.00227, 0.00000, 0.24646, 2859, False, 0.75, 4.50
                   ccmppi, 4096, 20, 4.1943, 135, 0.00231, 0.00000, 0.18895, 2860, False, 0.75, 5.00
                   ccmppi, 4096, 20, 4.2810, 123, 0.00228, 0.00000, 0.30164, 2861, False, 0.75, 5.50
                   ccmppi, 4096, 20, 4.4457, 147, 0.00227, 0.00000, 0.42553, 2862, False, 0.75, 6.00
                   ccmppi, 4096, 20, 4.0657, 208, 0.00199, 0.00000, 0.17996, 2863, False, 0.80, 1.00
                   ccmppi, 4096, 20, 4.1543, 215, 0.00218, 0.00000, 0.28560, 2864, False, 0.80, 1.50
                   ccmppi, 4096, 20, 4.1990, 181, 0.00212, 0.00000, 0.30479, 2865, False, 0.80, 2.00
                   ccmppi, 4096, 20, 4.2552, 186, 0.00219, 0.00000, 0.33761, 2866, False, 0.80, 2.50
                   ccmppi, 4096, 20, 4.2962, 157, 0.00215, 0.00000, 0.36726, 2867, False, 0.80, 3.00
                   ccmppi, 4096, 20, 4.1095, 137, 0.00220, 0.00000, 0.36398, 2868, False, 0.80, 3.50
                   ccmppi, 4096, 20, 4.1362, 161, 0.00223, 0.00000, 0.24601, 2869, False, 0.80, 4.00
                   ccmppi, 4096, 20, 4.2962, 139, 0.00226, 0.00000, 0.21643, 2870, False, 0.80, 4.50
                   ccmppi, 4096, 20, 4.1648, 142, 0.00225, 0.00000, 0.25313, 2871, False, 0.80, 5.00
                   ccmppi, 4096, 20, 4.0762, 132, 0.00229, 0.00000, 0.49271, 2872, False, 0.80, 5.50
                   ccmppi, 4096, 20, 4.1752, 136, 0.00232, 0.00000, 0.20451, 2873, False, 0.80, 6.00
                   ccmppi, 4096, 20, 4.0276, 223, 0.00208, 0.00000, 0.16417, 2874, False, 0.85, 1.00
                   ccmppi, 4096, 20, 4.1819, 197, 0.00211, 0.00000, 0.35739, 2875, False, 0.85, 1.50
                   ccmppi, 4096, 20, 4.1067, 158, 0.00215, 0.00000, 0.27082, 2876, False, 0.85, 2.00
                   ccmppi, 4096, 20, 7.5900, 77, 0.00289, 0.00000, 2.83000, 2877, True, 0.85, 2.50
                   ccmppi, 4096, 20, 4.2095, 169, 0.00219, 0.00000, 0.37547, 2878, False, 0.85, 3.00
                   ccmppi, 4096, 20, 4.1838, 159, 0.00223, 0.00000, 0.23483, 2879, False, 0.85, 3.50
                   ccmppi, 4096, 20, 4.2952, 149, 0.00227, 0.00000, 0.35164, 2880, False, 0.85, 4.00
                   ccmppi, 4096, 20, 4.0838, 127, 0.00232, 0.00000, 0.43568, 2881, False, 0.85, 4.50
                   ccmppi, 4096, 20, 4.1819, 138, 0.00238, 0.00000, 0.39718, 2882, False, 0.85, 5.00
                   ccmppi, 4096, 20, 3.9967, 74, 0.00285, 0.00000, 1.06680, 2883, True, 0.85, 5.50
                   ccmppi, 4096, 20, 4.3590, 132, 0.00229, 0.00000, 0.36808, 2884, False, 0.85, 6.00
                   ccmppi, 4096, 20, 4.1619, 208, 0.00203, 0.00000, 0.28612, 2885, False, 0.90, 1.00
                   ccmppi, 4096, 20, 4.1095, 200, 0.00216, 0.00000, 0.19160, 2886, False, 0.90, 1.50
                   ccmppi, 4096, 20, 4.1619, 197, 0.00218, 0.00000, 0.25937, 2887, False, 0.90, 2.00
                   ccmppi, 4096, 20, 4.0848, 147, 0.00218, 0.00000, 0.25358, 2888, False, 0.90, 2.50
                   ccmppi, 4096, 20, 4.1819, 149, 0.00224, 0.00000, 0.26938, 2889, False, 0.90, 3.00
                   ccmppi, 4096, 20, 4.1733, 132, 0.00224, 0.00000, 0.36060, 2890, False, 0.90, 3.50
                   ccmppi, 4096, 20, 4.0876, 109, 0.00220, 0.00000, 0.35620, 2891, False, 0.90, 4.00
                   ccmppi, 4096, 20, 4.1238, 150, 0.00228, 0.00000, 0.33578, 2892, False, 0.90, 4.50
                   ccmppi, 4096, 20, 4.2486, 147, 0.00228, 0.00000, 0.37945, 2893, False, 0.90, 5.00
                   ccmppi, 4096, 20, 4.5410, 159, 0.00232, 0.00000, 1.10780, 2894, False, 0.90, 5.50
                   ccmppi, 4096, 20, 4.2438, 125, 0.00226, 0.00000, 0.26422, 2895, False, 0.90, 6.00
                   ccmppi, 4096, 20, 4.1590, 225, 0.00200, 0.00000, 0.30796, 2896, False, 0.50, 1.00
                   ccmppi, 4096, 20, 4.2190, 185, 0.00210, 0.00000, 0.33223, 2897, False, 0.50, 1.50
                   ccmppi, 4096, 20, 4.2524, 177, 0.00214, 0.00000, 0.40206, 2898, False, 0.50, 2.00
                   ccmppi, 4096, 20, 4.2029, 166, 0.00217, 0.00000, 0.38373, 2899, False, 0.50, 2.50
                   ccmppi, 4096, 20, 4.2057, 142, 0.00222, 0.00000, 0.29323, 2900, False, 0.50, 3.00
                   ccmppi, 4096, 20, 4.0762, 126, 0.00224, 0.00000, 0.31974, 2901, False, 0.50, 3.50
                   ccmppi, 4096, 20, 4.2695, 150, 0.00231, 0.00000, 0.29430, 2902, False, 0.50, 4.00
                   ccmppi, 4096, 20, 4.2581, 168, 0.00233, 0.00000, 0.38082, 2903, False, 0.50, 4.50
                   ccmppi, 4096, 20, 4.3486, 137, 0.00234, 0.00000, 0.36886, 2904, False, 0.50, 5.00
                   ccmppi, 4096, 20, 4.4743, 152, 0.00230, 0.00000, 0.59752, 2905, False, 0.50, 5.50
                   ccmppi, 4096, 20, 4.3219, 139, 0.00225, 0.00000, 0.40885, 2906, False, 0.50, 6.00
                   ccmppi, 4096, 20, 4.1086, 229, 0.00208, 0.00000, 0.22716, 2907, False, 0.55, 1.00
                   ccmppi, 4096, 20, 4.1771, 195, 0.00209, 0.00000, 0.28721, 2908, False, 0.55, 1.50
                   ccmppi, 4096, 20, 4.1876, 182, 0.00217, 0.00000, 0.27412, 2909, False, 0.55, 2.00
                   ccmppi, 4096, 20, 4.1076, 149, 0.00219, 0.00000, 0.25675, 2910, False, 0.55, 2.50
                   ccmppi, 4096, 20, 4.2914, 160, 0.00216, 0.00000, 0.43243, 2911, False, 0.55, 3.00
                   ccmppi, 4096, 20, 4.2876, 166, 0.00223, 0.00000, 0.31589, 2912, False, 0.55, 3.50
                   ccmppi, 4096, 20, 4.2895, 173, 0.00228, 0.00000, 0.27786, 2913, False, 0.55, 4.00
                   ccmppi, 4096, 20, 4.1248, 145, 0.00225, 0.00000, 0.32688, 2914, False, 0.55, 4.50
                   ccmppi, 4096, 20, 4.3219, 145, 0.00226, 0.00000, 0.27450, 2915, False, 0.55, 5.00
                   ccmppi, 4096, 20, 4.1543, 125, 0.00227, 0.00000, 0.23029, 2916, False, 0.55, 5.50
                   ccmppi, 4096, 20, 4.5480, 72, 0.00230, 0.00000, 1.23383, 2917, True, 0.55, 6.00
                   ccmppi, 4096, 20, 4.1152, 217, 0.00202, 0.00000, 0.28672, 2918, False, 0.60, 1.00
                   ccmppi, 4096, 20, 4.0886, 205, 0.00208, 0.00000, 0.30159, 2919, False, 0.60, 1.50
                   ccmppi, 4096, 20, 4.0743, 172, 0.00217, 0.00000, 0.49277, 2920, False, 0.60, 2.00
                   ccmppi, 4096, 20, 4.1476, 169, 0.00221, 0.00000, 0.26378, 2921, False, 0.60, 2.50
                   ccmppi, 4096, 20, 4.1571, 169, 0.00221, 0.00000, 0.30352, 2922, False, 0.60, 3.00
