       mppi-same-injected, 4096, 20, 7.9750, 154, 0.00107, 0.00817, 2.00359, 1448, True, 0.50, 1.00
                   ccmppi, 4096, 20, 4.0448, 238, 0.00209, 0.03969, 0.20056, 1449, False, 0.50, 1.00
       mppi-same-injected, 4096, 20, 7.7829, 107, 0.00113, 0.00910, 1.82119, 1450, True, 0.50, 2.00
                   ccmppi, 4096, 20, 4.2648, 206, 0.00242, 0.03871, 0.63621, 1451, False, 0.50, 2.00
       mppi-same-injected, 4096, 20, 7.7200, 134, 0.00117, 0.00747, 3.56686, 1452, True, 0.50, 3.00
                   ccmppi, 4096, 20, 4.4171, 171, 0.00243, 0.03661, 0.61617, 1453, False, 0.50, 3.00
       mppi-same-injected, 4096, 20, 8.3533, 109, 0.00115, 0.00700, 2.05086, 1454, True, 0.50, 4.00
                   ccmppi, 4096, 20, 6.3371, 112, 0.00254, 0.01134, 2.78220, 1455, True, 0.50, 4.00
       mppi-same-injected, 4096, 20, 7.5286, 115, 0.00122, 0.00846, 1.30006, 1456, True, 0.50, 5.00
                   ccmppi, 4096, 20, 4.5800, 106, 0.00268, 0.01885, 0.56498, 1457, True, 0.50, 5.00
       mppi-same-injected, 4096, 20, 8.0300, 121, 0.00118, 0.00686, 1.52460, 1458, True, 0.50, 6.00
                   ccmppi, 4096, 20, 5.0080, 73, 0.00277, 0.01644, 0.29274, 1459, True, 0.50, 6.00
       mppi-same-injected, 4096, 20, 8.1657, 107, 0.00122, 0.00629, 4.00559, 1460, True, 0.50, 7.00
                   ccmppi, 4096, 20, 5.1257, 167, 0.00265, 0.03013, 1.44848, 1461, False, 0.50, 7.00
       mppi-same-injected, 4096, 20, 8.2133, 80, 0.00112, 0.00592, 1.39731, 1462, True, 0.50, 8.00
                   ccmppi, 4096, 20, 5.3419, 203, 0.00249, 0.02539, 1.78431, 1463, False, 0.50, 8.00
       mppi-same-injected, 4096, 20, 8.1700, 94, 0.00117, 0.00641, 1.14541, 1464, True, 0.50, 9.00
                   ccmppi, 4096, -1, -1.0000, -1, -1.00000, -1.00000, -1.00000, 1465, True, 0.50, 9.00
       mppi-same-injected, 4096, 20, 8.1450, 93, 0.00122, 0.00823, 2.33632, 1466, True, 0.50, 10.00
                   ccmppi, 4096, 20, 6.2200, 98, 0.00275, 0.01222, 1.45897, 1467, True, 0.50, 10.00
       mppi-same-injected, 4096, 20, 7.2983, 200, 0.00103, 0.00885, 1.32374, 1468, True, 0.60, 1.00
                   ccmppi, 4096, 20, 4.1305, 219, 0.00216, 0.04037, 0.26444, 1469, False, 0.60, 1.00
       mppi-same-injected, 4096, 20, 8.1800, 124, 0.00114, 0.00778, 2.14353, 1470, True, 0.60, 2.00
                   ccmppi, 4096, 20, 4.1400, 206, 0.00230, 0.04020, 0.20190, 1471, False, 0.60, 2.00
       mppi-same-injected, 4096, 20, 7.7127, 149, 0.00116, 0.00809, 3.44007, 1472, True, 0.60, 3.00
                   ccmppi, 4096, 20, 5.1400, 82, 0.00271, 0.01361, 0.48382, 1473, True, 0.60, 3.00
       mppi-same-injected, 4096, 20, 7.9444, 102, 0.00115, 0.00820, 1.79366, 1474, True, 0.60, 4.00
                   ccmppi, 4096, 20, 4.9380, 109, 0.00274, 0.02482, 1.34656, 1475, True, 0.60, 4.00
       mppi-same-injected, 4096, 20, 7.7560, 134, 0.00120, 0.00785, 1.42081, 1476, True, 0.60, 5.00
                   ccmppi, 4096, 20, 5.2167, 101, 0.00271, 0.01370, 1.92968, 1477, True, 0.60, 5.00
       mppi-same-injected, 4096, 20, 7.7317, 113, 0.00119, 0.00854, 1.80722, 1478, True, 0.60, 6.00
                   ccmppi, 4096, 20, 4.5924, 160, 0.00243, 0.03620, 0.61584, 1479, False, 0.60, 6.00
       mppi-same-injected, 4096, 20, 7.5213, 131, 0.00119, 0.00908, 1.44633, 1480, True, 0.60, 7.00
                   ccmppi, 4096, 20, 5.3400, 48, 0.00255, 0.01225, 0.24658, 1481, True, 0.60, 7.00
       mppi-same-injected, 4096, 20, 7.2320, 99, 0.00126, 0.00861, 2.04390, 1482, True, 0.60, 8.00
                   ccmppi, 4096, 20, 4.3571, 144, 0.00258, 0.03900, 0.38954, 1483, False, 0.60, 8.00
       mppi-same-injected, 4096, 20, 7.3325, 81, 0.00125, 0.00896, 1.21803, 1484, True, 0.60, 9.00
                   ccmppi, 4096, 20, 4.3152, 116, 0.00255, 0.04048, 0.52861, 1485, False, 0.60, 9.00
       mppi-same-injected, 4096, 20, 7.9371, 125, 0.00123, 0.00733, 1.54626, 1486, True, 0.60, 10.00
                   ccmppi, 4096, 20, 5.3114, 76, 0.00287, 0.01394, 2.01477, 1487, True, 0.60, 10.00
       mppi-same-injected, 4096, 20, 7.2429, 282, 0.00105, 0.01119, 1.84961, 1488, False, 0.70, 1.00
                   ccmppi, 4096, 20, 4.0457, 235, 0.00217, 0.04015, 0.20087, 1489, False, 0.70, 1.00
       mppi-same-injected, 4096, 20, 7.2117, 148, 0.00119, 0.01100, 1.52513, 1490, True, 0.70, 2.00
       mppi-same-injected, 4096, 20, 6.8780, 217, 0.00116, 0.01192, 1.18986, 1491, True, 0.70, 2.00
                   ccmppi, 4096, 20, 4.0857, 186, 0.00227, 0.04110, 0.33467, 1492, False, 0.70, 2.00
       mppi-same-injected, 4096, 20, 7.5983, 139, 0.00114, 0.00902, 1.74567, 1493, True, 0.70, 3.00
                   ccmppi, 4096, 20, 4.1771, 147, 0.00232, 0.03878, 0.53443, 1494, False, 0.70, 3.00
       mppi-same-injected, 4096, 20, 7.7840, 157, 0.00116, 0.00766, 1.40350, 1495, True, 0.70, 4.00
                   ccmppi, 4096, 20, 5.0200, 26, 0.00321, 0.01248, 0.00000, 1496, True, 0.70, 4.00
       mppi-same-injected, 4096, 20, 8.0431, 142, 0.00117, 0.00824, 2.22741, 1497, True, 0.70, 5.00
                   ccmppi, 4096, 20, 4.3990, 160, 0.00256, 0.03871, 1.26475, 1498, False, 0.70, 5.00
       mppi-same-injected, 4096, 20, 7.8815, 115, 0.00119, 0.00852, 1.91209, 1499, True, 0.70, 6.00
                   ccmppi, 4096, 20, 4.5790, 152, 0.00251, 0.03823, 0.81403, 1500, False, 0.70, 6.00
       mppi-same-injected, 4096, 20, 6.7571, 138, 0.00121, 0.01236, 0.74722, 1501, False, 0.70, 7.00
                   ccmppi, 4096, -1, -1.0000, -1, -1.00000, -1.00000, -1.00000, 1502, True, 0.70, 7.00
       mppi-same-injected, 4096, 20, 7.6200, 142, 0.00120, 0.00941, 2.01959, 1503, True, 0.70, 8.00
                   ccmppi, 4096, 20, 3.8000, 50, 0.00283, 0.01790, 1.83325, 1504, True, 0.70, 8.00
       mppi-same-injected, 4096, 20, 7.4812, 135, 0.00121, 0.00953, 1.53366, 1505, True, 0.70, 9.00
                   ccmppi, 4096, 20, 1.4200, 32, 0.00319, 0.00892, 0.00000, 1506, True, 0.70, 9.00
       mppi-same-injected, 4096, 20, 7.4238, 145, 0.00115, 0.00943, 1.38354, 1507, False, 0.70, 10.00
                   ccmppi, 4096, 20, 4.4171, 131, 0.00243, 0.03616, 0.38413, 1508, False, 0.70, 10.00
       mppi-same-injected, 4096, 20, 5.9943, 228, 0.00107, 0.01780, 0.13354, 1509, False, 0.80, 1.00
                   ccmppi, 4096, 20, 4.1495, 233, 0.00209, 0.03819, 0.31439, 1510, False, 0.80, 1.00
       mppi-same-injected, 4096, 20, 7.3693, 177, 0.00113, 0.00955, 1.30302, 1511, True, 0.80, 2.00
                   ccmppi, 4096, 20, 4.1410, 190, 0.00230, 0.03936, 0.36423, 1512, False, 0.80, 2.00
       mppi-same-injected, 4096, 20, 7.7867, 182, 0.00115, 0.00832, 1.65930, 1513, True, 0.80, 3.00
                   ccmppi, 4096, 20, 4.3010, 207, 0.00243, 0.04242, 0.77409, 1514, False, 0.80, 3.00
       mppi-same-injected, 4096, 20, 8.0700, 162, 0.00114, 0.00752, 2.22379, 1515, True, 0.80, 4.00
                   ccmppi, 4096, 20, 4.1200, 119, 0.00237, 0.04111, 0.34137, 1516, False, 0.80, 4.00
       mppi-same-injected, 4096, 20, 6.6495, 147, 0.00116, 0.01297, 0.68950, 1517, False, 0.80, 5.00
                   ccmppi, 4096, 20, 1.4200, 35, 0.00302, 0.00824, 0.00000, 1518, True, 0.80, 5.00
       mppi-same-injected, 4096, 20, 6.3114, 144, 0.00129, 0.01650, 0.55493, 1519, False, 0.80, 6.00
                   ccmppi, 4096, 20, 4.3971, 137, 0.00248, 0.03956, 1.07932, 1520, False, 0.80, 6.00
       mppi-same-injected, 4096, 20, 6.3124, 130, 0.00125, 0.01533, 0.25459, 1521, False, 0.80, 7.00
                   ccmppi, 4096, 20, 4.4524, 148, 0.00259, 0.03264, 0.79033, 1522, False, 0.80, 7.00
       mppi-same-injected, 4096, 20, 6.1943, 136, 0.00129, 0.01666, 0.27604, 1523, False, 0.80, 8.00
                   ccmppi, 4096, 20, 4.3610, 146, 0.00256, 0.04192, 0.45400, 1524, False, 0.80, 8.00
       mppi-same-injected, 4096, 20, 7.7200, 178, 0.00118, 0.00778, 1.58381, 1525, True, 0.80, 9.00
                   ccmppi, 4096, 20, 5.5889, 95, 0.00255, 0.01317, 0.78333, 1526, True, 0.80, 9.00
       mppi-same-injected, 4096, 20, 6.1038, 128, 0.00132, 0.01712, 0.21270, 1527, False, 0.80, 10.00
                   ccmppi, 4096, 20, 4.6171, 138, 0.00254, 0.03871, 0.82197, 1528, False, 0.80, 10.00
       mppi-same-injected, 4096, 20, 5.6810, 219, 0.00111, 0.02170, 0.28675, 1529, False, 0.90, 1.00
                   ccmppi, 4096, 20, 4.0286, 215, 0.00208, 0.04205, 0.16626, 1530, False, 0.90, 1.00
       mppi-same-injected, 4096, 20, 6.2819, 176, 0.00113, 0.01504, 0.19023, 1531, False, 0.90, 2.00
                   ccmppi, 4096, 20, 4.0019, 252, 0.00268, 0.03832, 0.59844, 1532, False, 0.90, 2.00
       mppi-same-injected, 4096, 20, 6.9057, 151, 0.00113, 0.01136, 0.64244, 1533, False, 0.90, 3.00
                   ccmppi, 4096, 20, 5.6400, 30, 0.00285, 0.01051, 0.00000, 1534, True, 0.90, 3.00
       mppi-same-injected, 4096, 20, 6.3762, 166, 0.00121, 0.01505, 0.47004, 1535, False, 0.90, 4.00
                   ccmppi, 4096, 20, 4.2324, 150, 0.00237, 0.04031, 0.28815, 1536, False, 0.90, 4.00
       mppi-same-injected, 4096, 20, 6.1981, 157, 0.00125, 0.01653, 0.37660, 1537, False, 0.90, 5.00
                   ccmppi, 4096, 20, 5.3867, 59, 0.00270, 0.01131, 0.31255, 1538, True, 0.90, 5.00
       mppi-same-injected, 4096, 20, 6.0657, 141, 0.00132, 0.01759, 0.19992, 1539, False, 0.90, 6.00
                   ccmppi, 4096, 20, 4.2190, 130, 0.00240, 0.04039, 0.39063, 1540, False, 0.90, 6.00
       mppi-same-injected, 4096, 20, 6.1076, 126, 0.00131, 0.01743, 0.32163, 1541, False, 0.90, 7.00
                   ccmppi, 4096, 20, 5.3000, 63, 0.00272, 0.01373, 0.35185, 1542, True, 0.90, 7.00
       mppi-same-injected, 4096, 20, 5.9600, 123, 0.00135, 0.01952, 0.19391, 1543, False, 0.90, 8.00
                   ccmppi, 4096, 20, 4.4019, 132, 0.00258, 0.03752, 0.99992, 1544, False, 0.90, 8.00
       mppi-same-injected, 4096, 20, 5.2610, 97, 0.00138, 0.02895, 0.34988, 1545, False, 0.90, 9.00
                   ccmppi, 4096, 20, 4.3762, 136, 0.00252, 0.03434, 0.92330, 1546, False, 0.90, 9.00
       mppi-same-injected, 4096, 20, 6.1324, 139, 0.00132, 0.01711, 0.18429, 1547, False, 0.90, 10.00
                   ccmppi, 4096, 20, 4.2429, 122, 0.00264, 0.03886, 0.73322, 1548, False, 0.90, 10.00
       mppi-same-injected, 4096, 20, 4.8257, 134, 0.00110, 0.03378, 0.42157, 1549, False, 1.00, 1.00
                   ccmppi, 4096, 20, 4.0162, 219, 0.00213, 0.03912, 0.32768, 1550, False, 1.00, 1.00
       mppi-same-injected, 4096, 20, 4.9152, 161, 0.00128, 0.03508, 0.22844, 1551, False, 1.00, 2.00
                   ccmppi, 4096, 20, 3.9124, 184, 0.00232, 0.03888, 0.46498, 1552, False, 1.00, 2.00
       mppi-same-injected, 4096, 20, 6.0438, 178, 0.00125, 0.01782, 0.25535, 1553, False, 1.00, 3.00
                   ccmppi, 4096, 20, 4.2000, 150, 0.00236, 0.04111, 0.25665, 1554, False, 1.00, 3.00
       mppi-same-injected, 4096, 20, 5.9486, 154, 0.00131, 0.01908, 0.24036, 1555, False, 1.00, 4.00
                   ccmppi, 4096, 20, 4.4750, 40, 0.00285, 0.01523, 2.04487, 1556, True, 1.00, 4.00
       mppi-same-injected, 4096, 20, 5.0124, 127, 0.00137, 0.03313, 0.54958, 1557, False, 1.00, 5.00
                   ccmppi, 4096, 20, 5.3080, 75, 0.00311, 0.02273, 1.48930, 1558, True, 1.00, 5.00
       mppi-same-injected, 4096, 20, 6.0838, 144, 0.00129, 0.01723, 0.15264, 1559, False, 1.00, 6.00
                   ccmppi, 4096, 20, 4.6038, 166, 0.00251, 0.03535, 0.85248, 1560, False, 1.00, 6.00
       mppi-same-injected, 4096, 20, 5.8667, 128, 0.00138, 0.02007, 0.16577, 1561, False, 1.00, 7.00
                   ccmppi, 4096, 20, 3.8200, 38, 0.00301, 0.01132, 1.48602, 1562, True, 1.00, 7.00
       mppi-same-injected, 4096, 20, 5.4000, 105, 0.00138, 0.02666, 0.26605, 1563, False, 1.00, 8.00
                   ccmppi, 4096, 20, 4.4429, 130, 0.00244, 0.03376, 1.03169, 1564, False, 1.00, 8.00
