       mppi-same-injected, 4096, 20, 7.6150, 196, 0.00105, 0.00000, 2.16677, 1947, True, 0.50, 1.00
       mppi-same-injected, 4096, 20, 7.7880, 139, 0.00110, 0.00000, 1.96813, 1948, True, 0.50, 1.50
       mppi-same-injected, 4096, 20, 7.9900, 98, 0.00115, 0.00000, 1.95290, 1949, True, 0.50, 2.00
       mppi-same-injected, 4096, 20, 7.5467, 119, 0.00117, 0.00000, 1.21478, 1950, True, 0.50, 2.50
       mppi-same-injected, 4096, 20, 9.7300, 84, 0.00115, 0.00000, 2.44059, 1951, True, 0.50, 3.00
       mppi-same-injected, 4096, 20, 8.1600, 87, 0.00119, 0.00000, 1.98753, 1952, True, 0.50, 3.50
       mppi-same-injected, 4096, 20, 8.3650, 89, 0.00113, 0.00000, 1.48663, 1953, True, 0.50, 4.00
       mppi-same-injected, 4096, 20, 7.9125, 96, 0.00123, 0.00000, 1.55567, 1954, True, 0.50, 4.50
       mppi-same-injected, 4096, 20, 8.2367, 87, 0.00111, 0.00000, 1.60791, 1955, True, 0.50, 5.00
       mppi-same-injected, 4096, 20, 7.9300, 99, 0.00122, 0.00000, 1.53135, 1956, True, 0.50, 5.50
       mppi-same-injected, 4096, 20, 7.3629, 107, 0.00118, 0.00000, 0.94521, 1957, True, 0.50, 6.00
       mppi-same-injected, 4096, 20, 7.2586, 196, 0.00104, 0.00000, 1.37112, 1958, True, 0.60, 1.00
       mppi-same-injected, 4096, 20, 7.4450, 199, 0.00112, 0.00000, 3.31775, 1959, True, 0.60, 1.50
       mppi-same-injected, 4096, 20, 7.5760, 135, 0.00116, 0.00000, 1.50895, 1960, True, 0.60, 2.00
       mppi-same-injected, 4096, 20, 8.1075, 116, 0.00113, 0.00000, 2.19559, 1961, True, 0.60, 2.50
       mppi-same-injected, 4096, 20, 8.2260, 119, 0.00118, 0.00000, 2.12917, 1962, True, 0.60, 3.00
       mppi-same-injected, 4096, 20, 8.1114, 94, 0.00117, 0.00000, 1.78907, 1964, True, 0.60, 3.50
       mppi-same-injected, 4096, 20, 8.7286, 107, 0.00116, 0.00000, 2.19250, 1965, True, 0.60, 4.00
       mppi-same-injected, 4096, 20, 7.7178, 106, 0.00119, 0.00000, 1.97084, 1966, True, 0.60, 4.50
       mppi-same-injected, 4096, 20, 7.4978, 131, 0.00117, 0.00000, 1.24894, 1967, True, 0.60, 5.00
       mppi-same-injected, 4096, 20, 8.2255, 128, 0.00115, 0.00000, 2.16254, 1968, True, 0.60, 5.50
       mppi-same-injected, 4096, 20, 7.6314, 133, 0.00117, 0.00000, 1.75313, 1969, True, 0.60, 6.00
       mppi-same-injected, 4096, 20, 6.2181, 209, 0.00101, 0.00000, 0.23864, 1970, False, 0.70, 1.00
       mppi-same-injected, 4096, 20, 7.2857, 202, 0.00117, 0.00000, 1.36972, 1971, True, 0.70, 1.50
       mppi-same-injected, 4096, 20, 7.2700, 154, 0.00116, 0.00000, 1.93292, 1972, True, 0.70, 2.00
       mppi-same-injected, 4096, 20, 7.7567, 139, 0.00115, 0.00000, 1.97936, 1973, True, 0.70, 2.50
       mppi-same-injected, 4096, 20, 7.3017, 127, 0.00119, 0.00000, 1.58616, 1974, True, 0.70, 3.00
       mppi-same-injected, 4096, 20, 8.4031, 151, 0.00112, 0.00000, 1.84741, 1975, True, 0.70, 3.50
       mppi-same-injected, 4096, 20, 8.0086, 170, 0.00116, 0.00000, 2.38267, 1976, True, 0.70, 4.00
       mppi-same-injected, 4096, 20, 8.0517, 131, 0.00115, 0.00000, 1.52439, 1977, True, 0.70, 4.50
       mppi-same-injected, 4096, 20, 8.0000, 142, 0.00121, 0.00000, 1.46517, 1978, True, 0.70, 5.00
       mppi-same-injected, 4096, 20, 7.0876, 149, 0.00115, 0.00000, 1.07722, 1979, False, 0.70, 5.50
       mppi-same-injected, 4096, 20, 7.8178, 120, 0.00114, 0.00000, 1.63257, 1980, True, 0.70, 6.00
       mppi-same-injected, 4096, 20, 5.8790, 218, 0.00109, 0.00000, 0.19039, 1981, False, 0.80, 1.00
       mppi-same-injected, 4096, 20, 6.1724, 203, 0.00113, 0.00000, 0.32878, 1982, False, 0.80, 1.50
       mppi-same-injected, 4096, 20, 7.7435, 213, 0.00111, 0.00000, 1.66354, 1983, True, 0.80, 2.00
       mppi-same-injected, 4096, 20, 6.5467, 168, 0.00112, 0.00000, 0.36349, 1984, False, 0.80, 2.50
       mppi-same-injected, 4096, 20, 6.2381, 191, 0.00125, 0.00000, 0.14965, 1985, False, 0.80, 3.00
       mppi-same-injected, 4096, 20, 7.7438, 177, 0.00110, 0.00000, 1.20169, 1986, False, 0.80, 3.50
       mppi-same-injected, 4096, 20, 7.2314, 172, 0.00116, 0.00000, 1.24724, 1987, False, 0.80, 4.00
       mppi-same-injected, 4096, 20, 7.8311, 169, 0.00114, 0.00000, 1.45956, 1988, True, 0.80, 4.50
       mppi-same-injected, 4096, 20, 6.5971, 139, 0.00121, 0.00000, 0.67458, 1989, False, 0.80, 5.00
       mppi-same-injected, 4096, 20, 6.0495, 137, 0.00130, 0.00000, 0.26300, 1990, False, 0.80, 5.50
       mppi-same-injected, 4096, 20, 6.2943, 146, 0.00123, 0.00000, 0.19323, 1991, False, 0.80, 6.00
       mppi-same-injected, 4096, 20, 5.4200, 204, 0.00111, 0.00000, 0.28745, 1992, False, 0.90, 1.00
       mppi-same-injected, 4096, 20, 5.7514, 201, 0.00121, 0.00000, 0.23279, 1993, False, 0.90, 1.50
       mppi-same-injected, 4096, 20, 6.1657, 183, 0.00117, 0.00000, 0.28096, 1994, False, 0.90, 2.00
       mppi-same-injected, 4096, 20, 6.3876, 164, 0.00114, 0.00000, 0.20494, 1995, False, 0.90, 2.50
       mppi-same-injected, 4096, 20, 7.0152, 158, 0.00110, 0.00000, 0.64810, 1996, False, 0.90, 3.00
       mppi-same-injected, 4096, 20, 6.6162, 155, 0.00115, 0.00000, 0.37986, 1997, False, 0.90, 3.50
       mppi-same-injected, 4096, 20, 6.2867, 159, 0.00124, 0.00000, 0.35688, 1998, False, 0.90, 4.00
       mppi-same-injected, 4096, 20, 6.3390, 165, 0.00118, 0.00000, 0.22043, 1999, False, 0.90, 4.50
       mppi-same-injected, 4096, 20, 6.1457, 142, 0.00130, 0.00000, 0.35788, 2000, False, 0.90, 5.00
       mppi-same-injected, 4096, 20, 6.0952, 140, 0.00130, 0.00000, 0.32770, 2001, False, 0.90, 5.50
       mppi-same-injected, 4096, 20, 5.9505, 133, 0.00130, 0.00000, 0.34413, 2002, False, 0.90, 6.00
                   ccmppi, 4096, 20, 4.1867, 223, 0.00199, 0.00000, 0.34977, 2003, False, 0.50, 1.00
                   ccmppi, 4096, 20, 4.0657, 179, 0.00210, 0.00000, 0.20731, 2004, False, 0.50, 1.50
                   ccmppi, 4096, 20, 4.1629, 194, 0.00216, 0.00000, 0.23931, 2005, False, 0.50, 2.00
                   ccmppi, 4096, 20, 7.3950, 165, 0.00173, 0.00000, 2.41024, 2006, True, 0.50, 2.50
                   ccmppi, 4096, 20, 4.3810, 181, 0.00222, 0.00000, 0.45992, 2007, False, 0.50, 3.00
                   ccmppi, 4096, 20, 4.2305, 157, 0.00223, 0.00000, 0.26140, 2008, False, 0.50, 3.50
                   ccmppi, 4096, 20, 4.2390, 132, 0.00223, 0.00000, 0.21738, 2009, False, 0.50, 4.00
                   ccmppi, 4096, 20, 4.2810, 142, 0.00225, 0.00000, 0.37148, 2010, False, 0.50, 4.50
                   ccmppi, 4096, 20, 4.2114, 152, 0.00228, 0.00000, 0.22463, 2011, False, 0.50, 5.00
                   ccmppi, 4096, 20, 4.3105, 154, 0.00228, 0.00000, 0.31141, 2012, False, 0.50, 5.50
                   ccmppi, 4096, 20, 4.2924, 140, 0.00226, 0.00000, 0.48303, 2013, False, 0.50, 6.00
